<?xml version="1.0" encoding="utf-8"?>
<COLLADA xmlns="http://www.collada.org/2005/11/COLLADASchema" version="1.4.1">
  <asset><contributor><author></author><authoring_tool>FBX COLLADA exporter</authoring_tool><comments></comments></contributor><created>2018-04-16T17:28:48Z</created><keywords></keywords><modified>2018-04-16T17:28:48Z</modified><revision></revision><subject></subject><title></title><unit meter="0.010000" name="centimeter"></unit><up_axis>Y_UP</up_axis></asset>
  <library_animations>
    <animation id="jnt_hips-anim" name="jnt_hips"><animation><source id="jnt_hips-Matrix-animation-input"><float_array id="jnt_hips-Matrix-animation-input-array" count="21">

0.000000 0.033333 0.066667 0.100000 0.133333 0.166667 0.200000 0.233333 0.266667 0.300000 0.333333 0.366667 0.400000 0.433333 0.466667 0.500000
0.533333 0.566667 0.600000 0.633333 0.666667</float_array><technique_common><accessor source="#jnt_hips-Matrix-animation-input-array" count="21"><param name="TIME" type="float"/></accessor></technique_common></source><source id="jnt_hips-Matrix-animation-output-transform"><float_array id="jnt_hips-Matrix-animation-output-transform-array" count="336">

1.000000 0.000000 0.000000 0.000000 0.000000 1.000000 0.000000 1.729921 0.000000 0.000000 1.000000 -0.094053 0.000000 0.000000 0.000000 1.000000
1.000000 0.000000 0.000000 0.000000 0.000000 1.000000 0.000000 1.729921 0.000000 0.000000 1.000000 -0.094053 0.000000 0.000000 0.000000 1.000000
1.000000 0.000000 0.000000 0.000000 0.000000 1.000000 0.000000 1.729921 0.000000 0.000000 1.000000 -0.094053 0.000000 0.000000 0.000000 1.000000
1.000000 0.000000 0.000000 0.000000 0.000000 1.000000 0.000000 1.729921 0.000000 0.000000 1.000000 -0.094053 0.000000 0.000000 0.000000 1.000000
1.000000 0.000000 0.000000 0.000000 0.000000 1.000000 0.000000 1.729921 0.000000 0.000000 1.000000 -0.094053 0.000000 0.000000 0.000000 1.000000
1.000000 0.000000 0.000000 0.000000 0.000000 1.000000 0.000000 1.729921 0.000000 0.000000 1.000000 -0.094053 0.000000 0.000000 0.000000 1.000000
1.000000 0.000000 0.000000 0.000000 0.000000 1.000000 0.000000 1.729921 0.000000 0.000000 1.000000 -0.094053 0.000000 0.000000 0.000000 1.000000
1.000000 0.000000 0.000000 0.000000 0.000000 1.000000 0.000000 1.729921 0.000000 0.000000 1.000000 -0.094053 0.000000 0.000000 0.000000 1.000000
1.000000 0.000000 0.000000 0.000000 0.000000 1.000000 0.000000 1.729921 0.000000 0.000000 1.000000 -0.094053 0.000000 0.000000 0.000000 1.000000
1.000000 0.000000 0.000000 0.000000 0.000000 1.000000 0.000000 1.729921 0.000000 0.000000 1.000000 -0.094053 0.000000 0.000000 0.000000 1.000000
1.000000 0.000000 0.000000 0.000000 0.000000 1.000000 0.000000 1.729921 0.000000 0.000000 1.000000 -0.094053 0.000000 0.000000 0.000000 1.000000
1.000000 0.000000 0.000000 0.000000 0.000000 1.000000 0.000000 1.729921 0.000000 0.000000 1.000000 -0.094053 0.000000 0.000000 0.000000 1.000000
1.000000 0.000000 0.000000 0.000000 0.000000 1.000000 0.000000 1.729921 0.000000 0.000000 1.000000 -0.094053 0.000000 0.000000 0.000000 1.000000
1.000000 0.000000 0.000000 0.000000 0.000000 1.000000 0.000000 1.729921 0.000000 0.000000 1.000000 -0.094053 0.000000 0.000000 0.000000 1.000000
1.000000 0.000000 0.000000 0.000000 0.000000 1.000000 0.000000 1.729921 0.000000 0.000000 1.000000 -0.094053 0.000000 0.000000 0.000000 1.000000
1.000000 0.000000 0.000000 0.000000 0.000000 1.000000 0.000000 1.729921 0.000000 0.000000 1.000000 -0.094053 0.000000 0.000000 0.000000 1.000000
1.000000 0.000000 0.000000 0.000000 0.000000 1.000000 0.000000 1.729921 0.000000 0.000000 1.000000 -0.094053 0.000000 0.000000 0.000000 1.000000
1.000000 0.000000 0.000000 0.000000 0.000000 1.000000 0.000000 1.729921 0.000000 0.000000 1.000000 -0.094053 0.000000 0.000000 0.000000 1.000000
1.000000 0.000000 0.000000 0.000000 0.000000 1.000000 0.000000 1.729921 0.000000 0.000000 1.000000 -0.094053 0.000000 0.000000 0.000000 1.000000
1.000000 0.000000 0.000000 0.000000 0.000000 1.000000 0.000000 1.729921 0.000000 0.000000 1.000000 -0.094053 0.000000 0.000000 0.000000 1.000000
1.000000 0.000000 0.000000 0.000000 0.000000 1.000000 0.000000 1.729921 0.000000 0.000000 1.000000 -0.094053 0.000000 0.000000 0.000000 1.000000</float_array><technique_common><accessor source="#jnt_hips-Matrix-animation-output-transform-array" count="21" stride="16"><param type="float4x4"/></accessor></technique_common></source><source id="jnt_hips-Interpolations"><Name_array id="jnt_hips-Interpolations-array" count="21">
 LINEAR LINEAR LINEAR LINEAR LINEAR LINEAR LINEAR LINEAR LINEAR LINEAR LINEAR
LINEAR LINEAR LINEAR LINEAR LINEAR LINEAR LINEAR LINEAR LINEAR LINEAR</Name_array><technique_common><accessor source="#jnt_hips-Interpolations-array" count="21"><param type="name"/></accessor></technique_common></source><sampler id="jnt_hips-Matrix-animation-transform"><input semantic="INPUT" source="#jnt_hips-Matrix-animation-input"/><input semantic="OUTPUT" source="#jnt_hips-Matrix-animation-output-transform"/><input semantic="INTERPOLATION" source="#jnt_hips-Interpolations"/></sampler><channel source="#jnt_hips-Matrix-animation-transform" target="jnt_hips/matrix"/></animation></animation>
    <animation id="jnt_right_upleg-anim" name="jnt_right_upleg"><animation><source id="jnt_right_upleg-Matrix-animation-input"><float_array id="jnt_right_upleg-Matrix-animation-input-array" count="21">

0.000000 0.033333 0.066667 0.100000 0.133333 0.166667 0.200000 0.233333 0.266667 0.300000 0.333333 0.366667 0.400000 0.433333 0.466667 0.500000
0.533333 0.566667 0.600000 0.633333 0.666667</float_array><technique_common><accessor source="#jnt_right_upleg-Matrix-animation-input-array" count="21"><param name="TIME" type="float"/></accessor></technique_common></source><source id="jnt_right_upleg-Matrix-animation-output-transform"><float_array id="jnt_right_upleg-Matrix-animation-output-transform-array" count="336">

-0.201993 0.013424 -0.979295 -0.446779 -0.879584 0.437271 0.187421 -0.111214 0.430733 0.899230 -0.076518 0.043020 0.000000 0.000000 0.000000 1.000000
-0.202012 0.013464 -0.979290 -0.446779 -0.879577 0.437270 0.187455 -0.111214 0.430739 0.899229 -0.076491 0.043020 0.000000 0.000000 0.000000 1.000000
-0.202067 0.013579 -0.979278 -0.446779 -0.879556 0.437269 0.187554 -0.111214 0.430754 0.899228 -0.076414 0.043020 0.000000 0.000000 0.000000 1.000000
-0.202155 0.013762 -0.979257 -0.446779 -0.879524 0.437267 0.187711 -0.111214 0.430780 0.899227 -0.076292 0.043020 0.000000 0.000000 0.000000 1.000000
-0.202272 0.014007 -0.979229 -0.446779 -0.879481 0.437262 0.187923 -0.111214 0.430812 0.899225 -0.076127 0.043020 0.000000 0.000000 0.000000 1.000000
-0.202416 0.014307 -0.979195 -0.446779 -0.879428 0.437258 0.188181 -0.111214 0.430854 0.899222 -0.075926 0.043020 0.000000 0.000000 0.000000 1.000000
-0.202583 0.014657 -0.979155 -0.446779 -0.879366 0.437253 0.188483 -0.111214 0.430901 0.899219 -0.075691 0.043020 0.000000 0.000000 0.000000 1.000000
-0.202771 0.015048 -0.979111 -0.446779 -0.879297 0.437246 0.188820 -0.111214 0.430954 0.899216 -0.075429 0.043020 0.000000 0.000000 0.000000 1.000000
-0.202976 0.015476 -0.979061 -0.446779 -0.879221 0.437239 0.189189 -0.111214 0.431011 0.899212 -0.075142 0.043020 0.000000 0.000000 0.000000 1.000000
-0.203194 0.015932 -0.979009 -0.446779 -0.879140 0.437231 0.189582 -0.111214 0.431073 0.899208 -0.074836 0.043020 0.000000 0.000000 0.000000 1.000000
-0.203424 0.016412 -0.978953 -0.446779 -0.879056 0.437222 0.189995 -0.111214 0.431138 0.899204 -0.074515 0.043020 0.000000 0.000000 0.000000 1.000000
-0.203661 0.016907 -0.978895 -0.446779 -0.878968 0.437213 0.190423 -0.111214 0.431205 0.899199 -0.074182 0.043020 0.000000 0.000000 0.000000 1.000000
-0.203903 0.017412 -0.978836 -0.446779 -0.878878 0.437203 0.190858 -0.111214 0.431273 0.899194 -0.073844 0.043020 0.000000 0.000000 0.000000 1.000000
-0.204147 0.017920 -0.978776 -0.446779 -0.878788 0.437192 0.191297 -0.111214 0.431341 0.899190 -0.073503 0.043020 0.000000 0.000000 0.000000 1.000000
-0.204389 0.018425 -0.978716 -0.446779 -0.878699 0.437181 0.191732 -0.111214 0.431409 0.899185 -0.073164 0.043020 0.000000 0.000000 0.000000 1.000000
-0.204626 0.018920 -0.978657 -0.446779 -0.878611 0.437169 0.192159 -0.111214 0.431475 0.899180 -0.072833 0.043020 0.000000 0.000000 0.000000 1.000000
-0.204855 0.019399 -0.978600 -0.446779 -0.878527 0.437158 0.192572 -0.111214 0.431539 0.899176 -0.072512 0.043020 0.000000 0.000000 0.000000 1.000000
-0.205074 0.019855 -0.978545 -0.446779 -0.878445 0.437148 0.192966 -0.111214 0.431600 0.899171 -0.072206 0.043020 0.000000 0.000000 0.000000 1.000000
-0.205278 0.020281 -0.978493 -0.446779 -0.878370 0.437137 0.193334 -0.111214 0.431657 0.899166 -0.071920 0.043020 0.000000 0.000000 0.000000 1.000000
-0.205465 0.020672 -0.978446 -0.446779 -0.878300 0.437127 0.193671 -0.111214 0.431709 0.899162 -0.071658 0.043020 0.000000 0.000000 0.000000 1.000000
-0.205632 0.021020 -0.978404 -0.446779 -0.878239 0.437117 0.193971 -0.111214 0.431754 0.899159 -0.071425 0.043020 0.000000 0.000000 0.000000 1.000000</float_array><technique_common><accessor source="#jnt_right_upleg-Matrix-animation-output-transform-array" count="21" stride="16"><param type="float4x4"/></accessor></technique_common></source><source id="jnt_right_upleg-Interpolations"><Name_array id="jnt_right_upleg-Interpolations-array" count="21">
 LINEAR LINEAR LINEAR LINEAR LINEAR LINEAR LINEAR LINEAR LINEAR LINEAR LINEAR
LINEAR LINEAR LINEAR LINEAR LINEAR LINEAR LINEAR LINEAR LINEAR LINEAR</Name_array><technique_common><accessor source="#jnt_right_upleg-Interpolations-array" count="21"><param type="name"/></accessor></technique_common></source><sampler id="jnt_right_upleg-Matrix-animation-transform"><input semantic="INPUT" source="#jnt_right_upleg-Matrix-animation-input"/><input semantic="OUTPUT" source="#jnt_right_upleg-Matrix-animation-output-transform"/><input semantic="INTERPOLATION" source="#jnt_right_upleg-Interpolations"/></sampler><channel source="#jnt_right_upleg-Matrix-animation-transform" target="jnt_right_upleg/matrix"/></animation></animation>
    <animation id="jnt_right_uplegroll-anim" name="jnt_right_uplegroll"><animation><source id="jnt_right_uplegroll-Matrix-animation-input"><float_array id="jnt_right_uplegroll-Matrix-animation-input-array" count="21">

0.000000 0.033333 0.066667 0.100000 0.133333 0.166667 0.200000 0.233333 0.266667 0.300000 0.333333 0.366667 0.400000 0.433333 0.466667 0.500000
0.533333 0.566667 0.600000 0.633333 0.666667</float_array><technique_common><accessor source="#jnt_right_uplegroll-Matrix-animation-input-array" count="21"><param name="TIME" type="float"/></accessor></technique_common></source><source id="jnt_right_uplegroll-Matrix-animation-output-transform"><float_array id="jnt_right_uplegroll-Matrix-animation-output-transform-array" count="336">

1.000000 -0.000000 0.000000 0.430000 0.000000 1.000000 -0.000000 0.000000 0.000000 -0.000000 1.000000 0.000000 0.000000 0.000000 0.000000 1.000000
1.000000 -0.000000 0.000000 0.430000 -0.000000 1.000000 0.000000 0.000000 -0.000000 0.000000 1.000000 -0.000000 0.000000 0.000000 0.000000 1.000000
1.000000 0.000000 -0.000000 0.430000 -0.000000 1.000000 0.000000 -0.000000 -0.000000 0.000000 1.000000 0.000000 0.000000 0.000000 0.000000 1.000000
1.000000 -0.000000 0.000000 0.430000 -0.000000 1.000000 -0.000000 -0.000000 0.000000 0.000000 1.000000 0.000000 0.000000 0.000000 0.000000 1.000000
1.000000 0.000000 -0.000000 0.430000 0.000000 1.000000 0.000000 0.000000 -0.000000 0.000000 1.000000 0.000000 0.000000 0.000000 0.000000 1.000000
1.000000 -0.000000 0.000000 0.430001 0.000000 1.000000 -0.000000 0.000000 0.000000 -0.000000 1.000000 0.000000 0.000000 0.000000 0.000000 1.000000
1.000000 0.000000 -0.000000 0.430000 -0.000000 1.000000 -0.000000 0.000000 -0.000000 0.000000 1.000000 0.000000 0.000000 0.000000 0.000000 1.000000
1.000000 -0.000000 -0.000000 0.430000 0.000000 1.000000 0.000000 0.000000 0.000000 -0.000000 1.000000 0.000000 0.000000 0.000000 0.000000 1.000000
1.000000 0.000000 0.000000 0.430000 0.000000 1.000000 0.000000 -0.000000 0.000000 0.000000 1.000000 -0.000000 0.000000 0.000000 0.000000 1.000000
1.000000 0.000000 -0.000000 0.430001 0.000000 1.000000 0.000000 -0.000000 0.000000 -0.000000 1.000000 0.000000 0.000000 0.000000 0.000000 1.000000
1.000000 0.000000 -0.000000 0.430001 -0.000000 1.000000 0.000000 -0.000000 0.000000 0.000000 1.000000 0.000000 0.000000 0.000000 0.000000 1.000000
1.000000 -0.000000 0.000000 0.430000 -0.000000 1.000000 0.000000 0.000000 0.000000 0.000000 1.000000 0.000000 0.000000 0.000000 0.000000 1.000000
1.000000 0.000000 0.000000 0.430001 -0.000000 1.000000 0.000000 -0.000000 -0.000000 0.000000 1.000000 0.000000 0.000000 0.000000 0.000000 1.000000
1.000000 0.000000 -0.000000 0.430001 0.000000 1.000000 0.000000 -0.000000 0.000000 0.000000 1.000000 -0.000000 0.000000 0.000000 0.000000 1.000000
1.000000 0.000000 0.000000 0.430000 -0.000000 1.000000 0.000000 0.000000 -0.000000 0.000000 1.000000 0.000000 0.000000 0.000000 0.000000 1.000000
1.000000 0.000000 0.000000 0.430000 0.000000 1.000000 0.000000 0.000000 0.000000 0.000000 1.000000 0.000000 0.000000 0.000000 0.000000 1.000000
1.000000 0.000000 -0.000000 0.430000 0.000000 1.000000 -0.000000 0.000000 -0.000000 0.000000 1.000000 0.000000 0.000000 0.000000 0.000000 1.000000
1.000000 -0.000000 -0.000000 0.430000 -0.000000 1.000000 0.000000 0.000000 0.000000 0.000000 1.000000 0.000000 0.000000 0.000000 0.000000 1.000000
1.000000 0.000000 -0.000000 0.430001 0.000000 1.000000 0.000000 -0.000000 0.000000 0.000000 1.000000 -0.000000 0.000000 0.000000 0.000000 1.000000
1.000000 0.000000 0.000000 0.430000 0.000000 1.000000 0.000000 -0.000000 -0.000000 0.000000 1.000000 0.000000 0.000000 0.000000 0.000000 1.000000
1.000000 0.000000 -0.000000 0.430000 0.000000 1.000000 -0.000000 -0.000000 0.000000 -0.000000 1.000000 0.000000 0.000000 0.000000 0.000000 1.000000</float_array><technique_common><accessor source="#jnt_right_uplegroll-Matrix-animation-output-transform-array" count="21" stride="16"><param type="float4x4"/></accessor></technique_common></source><source id="jnt_right_uplegroll-Interpolations"><Name_array id="jnt_right_uplegroll-Interpolations-array" count="21">
 LINEAR LINEAR LINEAR LINEAR LINEAR LINEAR LINEAR LINEAR LINEAR LINEAR LINEAR
LINEAR LINEAR LINEAR LINEAR LINEAR LINEAR LINEAR LINEAR LINEAR LINEAR</Name_array><technique_common><accessor source="#jnt_right_uplegroll-Interpolations-array" count="21"><param type="name"/></accessor></technique_common></source><sampler id="jnt_right_uplegroll-Matrix-animation-transform"><input semantic="INPUT" source="#jnt_right_uplegroll-Matrix-animation-input"/><input semantic="OUTPUT" source="#jnt_right_uplegroll-Matrix-animation-output-transform"/><input semantic="INTERPOLATION" source="#jnt_right_uplegroll-Interpolations"/></sampler><channel source="#jnt_right_uplegroll-Matrix-animation-transform" target="jnt_right_uplegroll/matrix"/></animation></animation>
    <animation id="jnt_right_leg-anim" name="jnt_right_leg"><animation><source id="jnt_right_leg-Matrix-animation-input"><float_array id="jnt_right_leg-Matrix-animation-input-array" count="21">

0.000000 0.033333 0.066667 0.100000 0.133333 0.166667 0.200000 0.233333 0.266667 0.300000 0.333333 0.366667 0.400000 0.433333 0.466667 0.500000
0.533333 0.566667 0.600000 0.633333 0.666667</float_array><technique_common><accessor source="#jnt_right_leg-Matrix-animation-input-array" count="21"><param name="TIME" type="float"/></accessor></technique_common></source><source id="jnt_right_leg-Matrix-animation-output-transform"><float_array id="jnt_right_leg-Matrix-animation-output-transform-array" count="336">

0.286814 0.944978 0.157336 0.860324 -0.955833 0.271280 0.113089 -0.000000 0.064184 -0.182823 0.981048 0.000000 0.000000 0.000000 0.000000 1.000000
0.286800 0.944982 0.157337 0.860325 -0.955842 0.271279 0.113020 -0.000000 0.064119 -0.182803 0.981056 0.000000 0.000000 0.000000 0.000000 1.000000
0.286761 0.944994 0.157338 0.860324 -0.955867 0.271276 0.112820 -0.000000 0.063932 -0.182747 0.981079 0.000000 0.000000 0.000000 0.000000 1.000000
0.286698 0.945012 0.157340 0.860324 -0.955905 0.271272 0.112501 -0.000000 0.063633 -0.182656 0.981115 0.000000 0.000000 0.000000 0.000000 1.000000
0.286614 0.945037 0.157344 0.860324 -0.955957 0.271266 0.112075 -0.000000 0.063233 -0.182536 0.981164 -0.000000 0.000000 0.000000 0.000000 1.000000
0.286510 0.945068 0.157347 0.860325 -0.956021 0.271258 0.111552 -0.000000 0.062742 -0.182388 0.981223 0.000000 0.000000 0.000000 0.000000 1.000000
0.286391 0.945104 0.157351 0.860324 -0.956094 0.271250 0.110944 -0.000000 0.062172 -0.182216 0.981291 0.000000 0.000000 0.000000 0.000000 1.000000
0.286257 0.945144 0.157356 0.860324 -0.956175 0.271241 0.110262 -0.000000 0.061532 -0.182023 0.981367 0.000000 0.000000 0.000000 0.000000 1.000000
0.286111 0.945187 0.157361 0.860324 -0.956264 0.271230 0.109518 -0.000000 0.060834 -0.181813 0.981450 -0.000000 0.000000 0.000000 0.000000 1.000000
0.285954 0.945234 0.157366 0.860324 -0.956358 0.271219 0.108723 -0.000000 0.060088 -0.181588 0.981537 0.000000 0.000000 0.000000 0.000000 1.000000
0.285790 0.945282 0.157371 0.860324 -0.956455 0.271207 0.107888 -0.000000 0.059305 -0.181352 0.981628 0.000000 0.000000 0.000000 0.000000 1.000000
0.285619 0.945333 0.157377 0.860324 -0.956556 0.271193 0.107025 -0.000000 0.058495 -0.181108 0.981722 0.000000 0.000000 0.000000 0.000000 1.000000
0.285445 0.945385 0.157382 0.860325 -0.956659 0.271178 0.106145 -0.000000 0.057670 -0.180860 0.981817 0.000000 0.000000 0.000000 0.000000 1.000000
0.285272 0.945436 0.157387 0.860324 -0.956760 0.271166 0.105260 -0.000000 0.056839 -0.180610 0.981911 -0.000000 0.000000 0.000000 0.000000 1.000000
0.285098 0.945488 0.157392 0.860324 -0.956860 0.271152 0.104381 -0.000000 0.056013 -0.180361 0.982004 -0.000000 0.000000 0.000000 0.000000 1.000000
0.284928 0.945538 0.157397 0.860324 -0.956958 0.271138 0.103518 0.000000 0.055204 -0.180118 0.982095 0.000000 0.000000 0.000000 0.000000 1.000000
0.284764 0.945587 0.157402 0.860324 -0.957051 0.271124 0.102684 -0.000000 0.054421 -0.179882 0.982182 0.000000 0.000000 0.000000 0.000000 1.000000
0.284606 0.945634 0.157406 0.860324 -0.957141 0.271110 0.101890 -0.000000 0.053676 -0.179658 0.982264 0.000000 0.000000 0.000000 0.000000 1.000000
0.284460 0.945677 0.157410 0.860325 -0.957223 0.271097 0.101147 -0.000000 0.052978 -0.179449 0.982340 -0.000000 0.000000 0.000000 0.000000 1.000000
0.284325 0.945717 0.157414 0.860325 -0.957298 0.271085 0.100466 -0.000000 0.052340 -0.179257 0.982409 0.000000 0.000000 0.000000 0.000000 1.000000
0.284207 0.945752 0.157417 0.860324 -0.957364 0.271076 0.099859 -0.000000 0.051770 -0.179086 0.982470 0.000000 0.000000 0.000000 0.000000 1.000000</float_array><technique_common><accessor source="#jnt_right_leg-Matrix-animation-output-transform-array" count="21" stride="16"><param type="float4x4"/></accessor></technique_common></source><source id="jnt_right_leg-Interpolations"><Name_array id="jnt_right_leg-Interpolations-array" count="21">
 LINEAR LINEAR LINEAR LINEAR LINEAR LINEAR LINEAR LINEAR LINEAR LINEAR LINEAR
LINEAR LINEAR LINEAR LINEAR LINEAR LINEAR LINEAR LINEAR LINEAR LINEAR</Name_array><technique_common><accessor source="#jnt_right_leg-Interpolations-array" count="21"><param type="name"/></accessor></technique_common></source><sampler id="jnt_right_leg-Matrix-animation-transform"><input semantic="INPUT" source="#jnt_right_leg-Matrix-animation-input"/><input semantic="OUTPUT" source="#jnt_right_leg-Matrix-animation-output-transform"/><input semantic="INTERPOLATION" source="#jnt_right_leg-Interpolations"/></sampler><channel source="#jnt_right_leg-Matrix-animation-transform" target="jnt_right_leg/matrix"/></animation></animation>
    <animation id="jnt_right_legroll-anim" name="jnt_right_legroll"><animation><source id="jnt_right_legroll-Matrix-animation-input"><float_array id="jnt_right_legroll-Matrix-animation-input-array" count="21">

0.000000 0.033333 0.066667 0.100000 0.133333 0.166667 0.200000 0.233333 0.266667 0.300000 0.333333 0.366667 0.400000 0.433333 0.466667 0.500000
0.533333 0.566667 0.600000 0.633333 0.666667</float_array><technique_common><accessor source="#jnt_right_legroll-Matrix-animation-input-array" count="21"><param name="TIME" type="float"/></accessor></technique_common></source><source id="jnt_right_legroll-Matrix-animation-output-transform"><float_array id="jnt_right_legroll-Matrix-animation-output-transform-array" count="336">

1.000000 -0.000000 0.000000 0.384000 -0.000000 0.993985 -0.109514 -0.000000 0.000000 0.109514 0.993985 0.000000 0.000000 0.000000 0.000000 1.000000
1.000000 -0.000000 0.000000 0.384000 0.000000 0.993988 -0.109485 -0.000000 -0.000000 0.109485 0.993988 0.000000 0.000000 0.000000 0.000000 1.000000
1.000000 0.000000 0.000000 0.384000 -0.000000 0.993998 -0.109400 -0.000000 -0.000000 0.109400 0.993998 0.000000 0.000000 0.000000 0.000000 1.000000
1.000000 0.000000 0.000000 0.384000 -0.000000 0.994013 -0.109264 -0.000000 0.000000 0.109264 0.994013 0.000000 0.000000 0.000000 0.000000 1.000000
1.000000 -0.000000 0.000000 0.384000 0.000000 0.994033 -0.109083 -0.000000 -0.000000 0.109083 0.994033 0.000000 0.000000 0.000000 0.000000 1.000000
1.000000 0.000000 -0.000000 0.384000 -0.000000 0.994057 -0.108860 0.000000 -0.000000 0.108860 0.994057 0.000000 0.000000 0.000000 0.000000 1.000000
1.000000 -0.000000 -0.000000 0.384000 0.000000 0.994085 -0.108601 -0.000000 0.000000 0.108601 0.994085 0.000000 0.000000 0.000000 0.000000 1.000000
1.000000 0.000000 -0.000000 0.384000 0.000000 0.994117 -0.108311 -0.000000 0.000000 0.108311 0.994117 0.000000 0.000000 0.000000 0.000000 1.000000
1.000000 0.000000 -0.000000 0.384000 0.000000 0.994152 -0.107994 -0.000000 -0.000000 0.107994 0.994152 0.000000 0.000000 0.000000 0.000000 1.000000
1.000000 -0.000000 -0.000000 0.384000 0.000000 0.994188 -0.107655 -0.000000 -0.000000 0.107655 0.994188 0.000000 0.000000 0.000000 0.000000 1.000000
1.000000 -0.000000 0.000000 0.384000 0.000000 0.994227 -0.107299 -0.000000 -0.000000 0.107299 0.994227 -0.000000 0.000000 0.000000 0.000000 1.000000
1.000000 -0.000000 0.000000 0.384000 -0.000000 0.994266 -0.106932 -0.000000 0.000000 0.106932 0.994266 0.000000 0.000000 0.000000 0.000000 1.000000
1.000000 0.000000 -0.000000 0.384000 -0.000000 0.994307 -0.106557 0.000000 0.000000 0.106557 0.994307 0.000000 0.000000 0.000000 0.000000 1.000000
1.000000 0.000000 0.000000 0.384000 0.000000 0.994347 -0.106179 -0.000000 -0.000000 0.106179 0.994347 0.000000 0.000000 0.000000 0.000000 1.000000
1.000000 -0.000000 0.000000 0.384000 -0.000000 0.994387 -0.105804 -0.000000 0.000000 0.105804 0.994387 0.000000 0.000000 0.000000 0.000000 1.000000
1.000000 0.000000 0.000000 0.384000 0.000000 0.994426 -0.105436 -0.000000 0.000000 0.105436 0.994426 0.000000 0.000000 0.000000 0.000000 1.000000
1.000000 0.000000 -0.000000 0.384000 0.000000 0.994464 -0.105081 -0.000000 -0.000000 0.105081 0.994464 0.000000 0.000000 0.000000 0.000000 1.000000
1.000000 0.000000 0.000000 0.384000 -0.000000 0.994499 -0.104742 -0.000000 0.000000 0.104742 0.994499 0.000000 0.000000 0.000000 0.000000 1.000000
1.000000 -0.000000 -0.000000 0.384000 0.000000 0.994533 -0.104425 -0.000000 -0.000000 0.104425 0.994533 0.000000 0.000000 0.000000 0.000000 1.000000
1.000000 -0.000000 -0.000000 0.384000 0.000000 0.994563 -0.104134 -0.000000 -0.000000 0.104134 0.994563 0.000000 0.000000 0.000000 0.000000 1.000000
1.000000 -0.000000 -0.000000 0.384000 0.000000 0.994590 -0.103875 -0.000000 -0.000000 0.103875 0.994590 -0.000000 0.000000 0.000000 0.000000 1.000000</float_array><technique_common><accessor source="#jnt_right_legroll-Matrix-animation-output-transform-array" count="21" stride="16"><param type="float4x4"/></accessor></technique_common></source><source id="jnt_right_legroll-Interpolations"><Name_array id="jnt_right_legroll-Interpolations-array" count="21">
 LINEAR LINEAR LINEAR LINEAR LINEAR LINEAR LINEAR LINEAR LINEAR LINEAR LINEAR
LINEAR LINEAR LINEAR LINEAR LINEAR LINEAR LINEAR LINEAR LINEAR LINEAR</Name_array><technique_common><accessor source="#jnt_right_legroll-Interpolations-array" count="21"><param type="name"/></accessor></technique_common></source><sampler id="jnt_right_legroll-Matrix-animation-transform"><input semantic="INPUT" source="#jnt_right_legroll-Matrix-animation-input"/><input semantic="OUTPUT" source="#jnt_right_legroll-Matrix-animation-output-transform"/><input semantic="INTERPOLATION" source="#jnt_right_legroll-Interpolations"/></sampler><channel source="#jnt_right_legroll-Matrix-animation-transform" target="jnt_right_legroll/matrix"/></animation></animation>
    <animation id="jnt_right_foot-anim" name="jnt_right_foot"><animation><source id="jnt_right_foot-Matrix-animation-input"><float_array id="jnt_right_foot-Matrix-animation-input-array" count="21">

0.000000 0.033333 0.066667 0.100000 0.133333 0.166667 0.200000 0.233333 0.266667 0.300000 0.333333 0.366667 0.400000 0.433333 0.466667 0.500000
0.533333 0.566667 0.600000 0.633333 0.666667</float_array><technique_common><accessor source="#jnt_right_foot-Matrix-animation-input-array" count="21"><param name="TIME" type="float"/></accessor></technique_common></source><source id="jnt_right_foot-Matrix-animation-output-transform"><float_array id="jnt_right_foot-Matrix-animation-output-transform-array" count="336">

-0.313227 -0.923836 0.220038 0.768145 0.939499 -0.335271 -0.070256 -0.000000 0.138677 0.184720 0.972958 0.000000 0.000000 0.000000 0.000000 1.000000
-0.313234 -0.923839 0.220016 0.768145 0.939501 -0.335269 -0.070228 -0.000000 0.138644 0.184707 0.972965 0.000000 0.000000 0.000000 0.000000 1.000000
-0.313254 -0.923847 0.219951 0.768144 0.939509 -0.335265 -0.070147 -0.000000 0.138547 0.184672 0.972985 0.000000 0.000000 0.000000 0.000000 1.000000
-0.313287 -0.923860 0.219849 0.768145 0.939520 -0.335259 -0.070019 -0.000000 0.138394 0.184617 0.973018 -0.000000 0.000000 0.000000 0.000000 1.000000
-0.313330 -0.923878 0.219711 0.768145 0.939536 -0.335251 -0.069847 -0.000000 0.138188 0.184542 0.973061 0.000000 0.000000 0.000000 0.000000 1.000000
-0.313384 -0.923900 0.219543 0.768145 0.939555 -0.335242 -0.069636 -0.000000 0.137936 0.184450 0.973115 0.000000 0.000000 0.000000 0.000000 1.000000
-0.313447 -0.923925 0.219347 0.768145 0.939577 -0.335230 -0.069391 -0.000000 0.137644 0.184343 0.973176 0.000000 0.000000 0.000000 0.000000 1.000000
-0.313515 -0.923954 0.219127 0.768145 0.939602 -0.335217 -0.069116 -0.000000 0.137315 0.184224 0.973245 0.000000 0.000000 0.000000 0.000000 1.000000
-0.313591 -0.923985 0.218888 0.768144 0.939629 -0.335203 -0.068816 -0.000000 0.136957 0.184093 0.973320 -0.000000 0.000000 0.000000 0.000000 1.000000
-0.313672 -0.924018 0.218631 0.768145 0.939658 -0.335188 -0.068495 -0.000000 0.136573 0.183954 0.973401 0.000000 0.000000 0.000000 0.000000 1.000000
-0.313757 -0.924053 0.218363 0.768145 0.939688 -0.335172 -0.068159 -0.000000 0.136171 0.183807 0.973484 -0.000000 0.000000 0.000000 0.000000 1.000000
-0.313845 -0.924089 0.218084 0.768145 0.939719 -0.335157 -0.067811 -0.000000 0.135756 0.183656 0.973571 0.000000 0.000000 0.000000 0.000000 1.000000
-0.313935 -0.924125 0.217801 0.768145 0.939750 -0.335141 -0.067456 -0.000000 0.135332 0.183502 0.973659 0.000000 0.000000 0.000000 0.000000 1.000000
-0.314023 -0.924163 0.217516 0.768145 0.939782 -0.335123 -0.067099 -0.000000 0.134905 0.183347 0.973748 0.000000 0.000000 0.000000 0.000000 1.000000
-0.314113 -0.924199 0.217232 0.768145 0.939813 -0.335108 -0.066744 -0.000000 0.134481 0.183193 0.973835 -0.000000 0.000000 0.000000 0.000000 1.000000
-0.314200 -0.924235 0.216954 0.768145 0.939843 -0.335092 -0.066396 -0.000000 0.134065 0.183041 0.973921 0.000000 0.000000 0.000000 0.000000 1.000000
-0.314284 -0.924269 0.216686 0.768145 0.939872 -0.335077 -0.066060 -0.000000 0.133663 0.182895 0.974004 0.000000 0.000000 0.000000 0.000000 1.000000
-0.314364 -0.924301 0.216429 0.768145 0.939899 -0.335063 -0.065739 -0.000001 0.133280 0.182756 0.974082 0.000000 0.000000 0.000000 0.000000 1.000000
-0.314439 -0.924332 0.216190 0.768145 0.939925 -0.335049 -0.065439 -0.000000 0.132922 0.182626 0.974156 0.000000 0.000000 0.000000 0.000000 1.000000
-0.314508 -0.924360 0.215970 0.768145 0.939949 -0.335037 -0.065164 -0.000000 0.132594 0.182506 0.974223 0.000000 0.000000 0.000000 0.000000 1.000000
-0.314568 -0.924385 0.215775 0.768145 0.939970 -0.335025 -0.064920 -0.000000 0.132301 0.182400 0.974283 -0.000000 0.000000 0.000000 0.000000 1.000000</float_array><technique_common><accessor source="#jnt_right_foot-Matrix-animation-output-transform-array" count="21" stride="16"><param type="float4x4"/></accessor></technique_common></source><source id="jnt_right_foot-Interpolations"><Name_array id="jnt_right_foot-Interpolations-array" count="21">
 LINEAR LINEAR LINEAR LINEAR LINEAR LINEAR LINEAR LINEAR LINEAR LINEAR LINEAR
LINEAR LINEAR LINEAR LINEAR LINEAR LINEAR LINEAR LINEAR LINEAR LINEAR</Name_array><technique_common><accessor source="#jnt_right_foot-Interpolations-array" count="21"><param type="name"/></accessor></technique_common></source><sampler id="jnt_right_foot-Matrix-animation-transform"><input semantic="INPUT" source="#jnt_right_foot-Matrix-animation-input"/><input semantic="OUTPUT" source="#jnt_right_foot-Matrix-animation-output-transform"/><input semantic="INTERPOLATION" source="#jnt_right_foot-Interpolations"/></sampler><channel source="#jnt_right_foot-Matrix-animation-transform" target="jnt_right_foot/matrix"/></animation></animation>
    <animation id="jnt_right_toebase-anim" name="jnt_right_toebase"><animation><source id="jnt_right_toebase-Matrix-animation-input"><float_array id="jnt_right_toebase-Matrix-animation-input-array" count="21">

0.000000 0.033333 0.066667 0.100000 0.133333 0.166667 0.200000 0.233333 0.266667 0.300000 0.333333 0.366667 0.400000 0.433333 0.466667 0.500000
0.533333 0.566667 0.600000 0.633333 0.666667</float_array><technique_common><accessor source="#jnt_right_toebase-Matrix-animation-input-array" count="21"><param name="TIME" type="float"/></accessor></technique_common></source><source id="jnt_right_toebase-Matrix-animation-output-transform"><float_array id="jnt_right_toebase-Matrix-animation-output-transform-array" count="336">

0.918936 -0.394407 0.000000 0.441847 0.394407 0.918936 0.000000 0.000000 -0.000000 -0.000000 1.000000 -0.000000 0.000000 0.000000 0.000000 1.000000
0.918936 -0.394407 -0.000000 0.441847 0.394407 0.918936 -0.000000 0.000000 0.000000 0.000000 1.000000 -0.000000 0.000000 0.000000 0.000000 1.000000
0.918936 -0.394407 0.000000 0.441847 0.394407 0.918936 0.000000 -0.000000 0.000000 -0.000000 1.000000 -0.000000 0.000000 0.000000 0.000000 1.000000
0.918936 -0.394407 -0.000000 0.441847 0.394407 0.918936 -0.000000 0.000000 -0.000000 0.000000 1.000000 -0.000000 0.000000 0.000000 0.000000 1.000000
0.918936 -0.394407 0.000000 0.441847 0.394407 0.918936 0.000000 -0.000000 -0.000000 0.000000 1.000000 -0.000000 0.000000 0.000000 0.000000 1.000000
0.918936 -0.394407 0.000000 0.441847 0.394407 0.918936 0.000000 -0.000000 0.000000 -0.000000 1.000000 -0.000000 0.000000 0.000000 0.000000 1.000000
0.918936 -0.394407 -0.000000 0.441847 0.394407 0.918936 0.000000 -0.000000 0.000000 0.000000 1.000000 -0.000000 0.000000 0.000000 0.000000 1.000000
0.918936 -0.394407 0.000000 0.441847 0.394407 0.918936 0.000000 0.000000 -0.000000 -0.000000 1.000000 -0.000000 0.000000 0.000000 0.000000 1.000000
0.918936 -0.394407 -0.000000 0.441847 0.394407 0.918936 0.000000 0.000000 -0.000000 0.000000 1.000000 -0.000000 0.000000 0.000000 0.000000 1.000000
0.918936 -0.394407 -0.000000 0.441847 0.394407 0.918936 -0.000000 -0.000000 0.000000 -0.000000 1.000000 -0.000000 0.000000 0.000000 0.000000 1.000000
0.918936 -0.394407 0.000000 0.441847 0.394407 0.918936 -0.000000 0.000000 0.000000 -0.000000 1.000000 -0.000000 0.000000 0.000000 0.000000 1.000000
0.918936 -0.394407 0.000000 0.441847 0.394407 0.918936 0.000000 -0.000000 0.000000 0.000000 1.000000 0.000000 0.000000 0.000000 0.000000 1.000000
0.918936 -0.394407 0.000000 0.441847 0.394407 0.918936 -0.000000 0.000000 0.000000 -0.000000 1.000000 -0.000000 0.000000 0.000000 0.000000 1.000000
0.918936 -0.394407 0.000000 0.441847 0.394407 0.918936 0.000000 -0.000000 -0.000000 -0.000000 1.000000 -0.000000 0.000000 0.000000 0.000000 1.000000
0.918936 -0.394407 0.000000 0.441847 0.394407 0.918936 0.000000 0.000000 0.000000 -0.000000 1.000000 -0.000000 0.000000 0.000000 0.000000 1.000000
0.918936 -0.394407 0.000000 0.441847 0.394407 0.918936 -0.000000 -0.000000 0.000000 0.000000 1.000000 -0.000000 0.000000 0.000000 0.000000 1.000000
0.918936 -0.394407 0.000000 0.441847 0.394407 0.918936 0.000000 0.000000 0.000000 0.000000 1.000000 -0.000000 0.000000 0.000000 0.000000 1.000000
0.918936 -0.394407 0.000000 0.441847 0.394407 0.918936 -0.000000 -0.000000 0.000000 -0.000000 1.000000 0.000000 0.000000 0.000000 0.000000 1.000000
0.918936 -0.394407 0.000000 0.441847 0.394407 0.918936 -0.000000 -0.000000 0.000000 -0.000000 1.000000 -0.000000 0.000000 0.000000 0.000000 1.000000
0.918936 -0.394407 -0.000000 0.441847 0.394407 0.918936 0.000000 0.000000 0.000000 0.000000 1.000000 -0.000000 0.000000 0.000000 0.000000 1.000000
0.918936 -0.394407 0.000000 0.441847 0.394407 0.918936 0.000000 -0.000000 0.000000 -0.000000 1.000000 -0.000000 0.000000 0.000000 0.000000 1.000000</float_array><technique_common><accessor source="#jnt_right_toebase-Matrix-animation-output-transform-array" count="21" stride="16"><param type="float4x4"/></accessor></technique_common></source><source id="jnt_right_toebase-Interpolations"><Name_array id="jnt_right_toebase-Interpolations-array" count="21">
 LINEAR LINEAR LINEAR LINEAR LINEAR LINEAR LINEAR LINEAR LINEAR LINEAR LINEAR
LINEAR LINEAR LINEAR LINEAR LINEAR LINEAR LINEAR LINEAR LINEAR LINEAR</Name_array><technique_common><accessor source="#jnt_right_toebase-Interpolations-array" count="21"><param type="name"/></accessor></technique_common></source><sampler id="jnt_right_toebase-Matrix-animation-transform"><input semantic="INPUT" source="#jnt_right_toebase-Matrix-animation-input"/><input semantic="OUTPUT" source="#jnt_right_toebase-Matrix-animation-output-transform"/><input semantic="INTERPOLATION" source="#jnt_right_toebase-Interpolations"/></sampler><channel source="#jnt_right_toebase-Matrix-animation-transform" target="jnt_right_toebase/matrix"/></animation></animation>
    <animation id="jnt_right_toeend-anim" name="jnt_right_toeend"><animation><source id="jnt_right_toeend-Matrix-animation-input"><float_array id="jnt_right_toeend-Matrix-animation-input-array" count="21">

0.000000 0.033333 0.066667 0.100000 0.133333 0.166667 0.200000 0.233333 0.266667 0.300000 0.333333 0.366667 0.400000 0.433333 0.466667 0.500000
0.533333 0.566667 0.600000 0.633333 0.666667</float_array><technique_common><accessor source="#jnt_right_toeend-Matrix-animation-input-array" count="21"><param name="TIME" type="float"/></accessor></technique_common></source><source id="jnt_right_toeend-Matrix-animation-output-transform"><float_array id="jnt_right_toeend-Matrix-animation-output-transform-array" count="336">

1.000000 0.000000 0.000000 0.379397 -0.000000 1.000000 0.000000 0.000000 0.000000 -0.000000 1.000000 -0.000000 0.000000 0.000000 0.000000 1.000000
1.000000 -0.000000 0.000000 0.379397 0.000000 1.000000 -0.000000 0.000000 -0.000000 -0.000000 1.000000 -0.000000 0.000000 0.000000 0.000000 1.000000
1.000000 -0.000000 -0.000000 0.379397 0.000000 1.000000 -0.000000 0.000000 0.000000 0.000000 1.000000 0.000000 0.000000 0.000000 0.000000 1.000000
1.000000 0.000000 -0.000000 0.379397 0.000000 1.000000 0.000000 0.000000 0.000000 0.000000 1.000000 -0.000000 0.000000 0.000000 0.000000 1.000000
1.000000 0.000000 -0.000000 0.379397 0.000000 1.000000 0.000000 0.000000 0.000000 0.000000 1.000000 -0.000000 0.000000 0.000000 0.000000 1.000000
1.000000 0.000000 -0.000000 0.379397 0.000000 1.000000 -0.000000 0.000000 0.000000 0.000000 1.000000 0.000000 0.000000 0.000000 0.000000 1.000000
1.000000 0.000000 -0.000000 0.379397 0.000000 1.000000 -0.000000 0.000000 -0.000000 -0.000000 1.000000 -0.000000 0.000000 0.000000 0.000000 1.000000
1.000000 0.000000 0.000000 0.379397 0.000000 1.000000 0.000000 0.000000 0.000000 -0.000000 1.000000 -0.000000 0.000000 0.000000 0.000000 1.000000
1.000000 0.000000 0.000000 0.379397 -0.000000 1.000000 0.000000 0.000000 0.000000 -0.000000 1.000000 -0.000000 0.000000 0.000000 0.000000 1.000000
1.000000 -0.000000 0.000000 0.379397 -0.000000 1.000000 0.000000 0.000000 -0.000000 0.000000 1.000000 -0.000000 0.000000 0.000000 0.000000 1.000000
1.000000 0.000000 0.000000 0.379397 0.000000 1.000000 -0.000000 0.000000 0.000000 0.000000 1.000000 0.000000 0.000000 0.000000 0.000000 1.000000
1.000000 0.000000 -0.000000 0.379397 0.000000 1.000000 0.000000 0.000000 0.000000 0.000000 1.000000 -0.000000 0.000000 0.000000 0.000000 1.000000
1.000000 0.000000 0.000000 0.379397 0.000000 1.000000 0.000000 0.000000 -0.000000 -0.000000 1.000000 -0.000000 0.000000 0.000000 0.000000 1.000000
1.000000 0.000000 -0.000000 0.379397 0.000000 1.000000 -0.000000 0.000000 0.000000 0.000000 1.000000 -0.000000 0.000000 0.000000 0.000000 1.000000
1.000000 -0.000000 0.000000 0.379397 -0.000000 1.000000 0.000000 0.000000 -0.000000 -0.000000 1.000000 -0.000000 0.000000 0.000000 0.000000 1.000000
1.000000 0.000000 0.000000 0.379397 -0.000000 1.000000 0.000000 0.000000 0.000000 0.000000 1.000000 -0.000000 0.000000 0.000000 0.000000 1.000000
1.000000 -0.000000 0.000000 0.379397 0.000000 1.000000 -0.000000 0.000000 0.000000 0.000000 1.000000 -0.000000 0.000000 0.000000 0.000000 1.000000
1.000000 -0.000000 -0.000000 0.379397 0.000000 1.000000 -0.000000 0.000000 -0.000000 0.000000 1.000000 -0.000000 0.000000 0.000000 0.000000 1.000000
1.000000 -0.000000 0.000000 0.379397 -0.000000 1.000000 0.000000 0.000000 0.000000 0.000000 1.000000 0.000000 0.000000 0.000000 0.000000 1.000000
1.000000 -0.000000 0.000000 0.379397 0.000000 1.000000 0.000000 0.000000 0.000000 0.000000 1.000000 -0.000000 0.000000 0.000000 0.000000 1.000000
1.000000 0.000000 0.000000 0.379397 0.000000 1.000000 0.000000 0.000000 -0.000000 -0.000000 1.000000 -0.000000 0.000000 0.000000 0.000000 1.000000</float_array><technique_common><accessor source="#jnt_right_toeend-Matrix-animation-output-transform-array" count="21" stride="16"><param type="float4x4"/></accessor></technique_common></source><source id="jnt_right_toeend-Interpolations"><Name_array id="jnt_right_toeend-Interpolations-array" count="21">
 LINEAR LINEAR LINEAR LINEAR LINEAR LINEAR LINEAR LINEAR LINEAR LINEAR LINEAR
LINEAR LINEAR LINEAR LINEAR LINEAR LINEAR LINEAR LINEAR LINEAR LINEAR</Name_array><technique_common><accessor source="#jnt_right_toeend-Interpolations-array" count="21"><param type="name"/></accessor></technique_common></source><sampler id="jnt_right_toeend-Matrix-animation-transform"><input semantic="INPUT" source="#jnt_right_toeend-Matrix-animation-input"/><input semantic="OUTPUT" source="#jnt_right_toeend-Matrix-animation-output-transform"/><input semantic="INTERPOLATION" source="#jnt_right_toeend-Interpolations"/></sampler><channel source="#jnt_right_toeend-Matrix-animation-transform" target="jnt_right_toeend/matrix"/></animation></animation>
    <animation id="jnt_left_upleg-anim" name="jnt_left_upleg"><animation><source id="jnt_left_upleg-Matrix-animation-input"><float_array id="jnt_left_upleg-Matrix-animation-input-array" count="21">

0.000000 0.033333 0.066667 0.100000 0.133333 0.166667 0.200000 0.233333 0.266667 0.300000 0.333333 0.366667 0.400000 0.433333 0.466667 0.500000
