<?xml version="1.0" encoding="utf-8"?>
<COLLADA xmlns="http://www.collada.org/2005/11/COLLADASchema" version="1.4.1" xmlns:xsi="http://www.w3.org/2001/XMLSchema-instance">
  <asset>
    <contributor>
      <author>Blender User</author>
      <authoring_tool>Blender 3.1.2 commit date:2022-03-31, commit time:17:40, hash:cc66d1020c3b</authoring_tool>
    </contributor>
    <created>2022-05-08T23:12:15</created>
    <modified>2022-05-08T23:12:15</modified>
    <unit name="meter" meter="1"/>
    <up_axis>Z_UP</up_axis>
  </asset>
  <library_effects/>
  <library_images/>
  <library_controllers/>
  <library_visual_scenes>
    <visual_scene id="Scene" name="Scene">
        <matrix sid="transform">1 0 0 0 0 -1.62921e-7 -1 0 0 1 -1.62921e-7 0 0 0 0 1</matrix>
        <node id="root_jnt" name="root_jnt" sid="root_jnt" type="JOINT">
          <matrix sid="transform">1 0 0 0 0 1 0 0 0 0 1 0 0 0 0 1</matrix>
          <node id="jnt_hips" name="jnt_hips" sid="jnt_hips" type="JOINT">
            <matrix sid="transform">1 0 0 0 0 0.9999999 0 2.061423 0 0 1 -0.094053 0 0 0 1</matrix>
            <node id="jnt_right_upleg" name="jnt_right_upleg" sid="jnt_right_upleg" type="JOINT">
              <matrix sid="transform">-0.1753376 -0.001756001 -0.9845067 -0.4467788 -0.984438 -0.01164595 0.1753461 -0.1112152 -0.01177343 0.9999305 3.13316e-4 0.04302006 0 0 0 1</matrix>
              <node id="jnt_right_uplegroll" name="jnt_right_uplegroll" sid="jnt_right_uplegroll" type="JOINT">
                <matrix sid="transform">1 -9.31323e-10 -2.30827e-8 0.4299999 -9.31323e-10 1 -3.46336e-9 -1.80677e-7 2.17901e-8 3.72529e-9 1 -1.19209e-7 0 0 0 1</matrix>
                <extra>
                  <technique profile="blender">
                    <layer sid="layer" type="string">0</layer>
                    <roll sid="roll" type="float">-1.748822</roll>
                    <tip_x sid="tip_x" type="float">-0.001132905</tip_x>
                    <tip_y sid="tip_y" type="float">-0.007513523</tip_y>
                    <tip_z sid="tip_z" type="float">0.6451171</tip_z>
                  </technique>
                </extra>
              </node>
              <node id="jnt_right_leg" name="jnt_right_leg" sid="jnt_right_leg" type="JOINT">
                <matrix sid="transform">0.9846361 0.1746194 5.87115e-8 0.8603239 -0.1746194 0.9846361 -6.21803e-7 -2.98023e-7 -1.91812e-7 5.98637e-7 1 -1.19209e-7 0 0 0 1</matrix>
                <node id="jnt_right_legroll" name="jnt_right_legroll" sid="jnt_right_legroll" type="JOINT">
                  <matrix sid="transform">1 5.96046e-8 -2.61687e-7 0.3840001 -5.96046e-8 1 -2.45927e-8 -3.72529e-8 2.67042e-7 2.67755e-8 1 5.96046e-8 0 0 0 1</matrix>
                  <extra>
                    <technique profile="blender">
                      <layer sid="layer" type="string">0</layer>
                      <roll sid="roll" type="float">-1.783038</roll>
                      <tip_x sid="tip_x" type="float">-0.0186342</tip_x>
                      <tip_y sid="tip_y" type="float">-0.1056337</tip_y>
                      <tip_z sid="tip_z" type="float">0.5659977</tip_z>
                    </technique>
                  </extra>
                </node>
                <node id="jnt_right_foot" name="jnt_right_foot" sid="jnt_right_foot" type="JOINT">
                  <matrix sid="transform">0.322356 -0.9267166 0.1930886 0.7681445 0.9464591 0.3117807 -0.08371517 -2.98023e-7 0.01737891 0.2097365 0.9776036 1.78814e-7 0 0 0 1</matrix>
                  <node id="jnt_right_toebase" name="jnt_right_toebase" sid="jnt_right_toebase" type="JOINT">
                    <matrix sid="transform">0.9189357 -0.3944075 1.13994e-6 0.4418471 0.3944075 0.9189357 -1.44541e-6 1.93715e-7 -4.76837e-7 1.77324e-6 1 5.96046e-8 0 0 0 1</matrix>
                    <node id="jnt_right_toeend" name="jnt_right_toeend" sid="jnt_right_toeend" type="JOINT">
                      <matrix sid="transform">1 1.63913e-7 -7.45058e-9 0.3793961 -1.56462e-7 1 0 -1.93715e-7 0 0 1 5.96046e-8 0 0 0 1</matrix>
                      <extra>
                        <technique profile="blender">
                          <layer sid="layer" type="string">0</layer>
                          <roll sid="roll" type="float">-1.688969</roll>
                          <tip_x sid="tip_x" type="float">-0.004371762</tip_x>
                          <tip_y sid="tip_y" type="float">0.3775806</tip_y>
                          <tip_z sid="tip_z" type="float">0.03681331</tip_z>
                        </technique>
                      </extra>
                    </node>
                    <extra>
                      <technique profile="blender">
                        <layer sid="layer" type="string">0</layer>
                        <roll sid="roll" type="float">-1.688969</roll>
                        <tip_x sid="tip_x" type="float">-0.004371762</tip_x>
                        <tip_y sid="tip_y" type="float">0.3775805</tip_y>
                        <tip_z sid="tip_z" type="float">0.03681331</tip_z>
                      </technique>
                    </extra>
                  </node>
                  <extra>
                    <technique profile="blender">
                      <layer sid="layer" type="string">0</layer>
                      <roll sid="roll" type="float">-1.688969</roll>
                      <tip_x sid="tip_x" type="float">-0.0251255</tip_x>
                      <tip_y sid="tip_y" type="float">0.3870578</tip_y>
                      <tip_z sid="tip_z" type="float">0.2116218</tip_z>
                    </technique>
                  </extra>
                </node>
                <extra>
                  <technique profile="blender">
                    <layer sid="layer" type="string">0</layer>
                    <roll sid="roll" type="float">-1.783037</roll>
                    <tip_x sid="tip_x" type="float">-0.0186342</tip_x>
                    <tip_y sid="tip_y" type="float">-0.1056337</tip_y>
                    <tip_z sid="tip_z" type="float">0.5659977</tip_z>
                  </technique>
                </extra>
              </node>
              <extra>
                <technique profile="blender">
                  <layer sid="layer" type="string">0</layer>
                  <roll sid="roll" type="float">-1.748822</roll>
                  <tip_x sid="tip_x" type="float">-0.001132905</tip_x>
                  <tip_y sid="tip_y" type="float">-0.007513523</tip_y>
                  <tip_z sid="tip_z" type="float">0.6451171</tip_z>
                </technique>
              </extra>
            </node>
            <node id="jnt_left_upleg" name="jnt_left_upleg" sid="jnt_left_upleg" type="JOINT">
              <matrix sid="transform">0.1753374 0.001757012 -0.9845068 0.4467784 -0.9844381 -0.01165108 -0.175346 -0.111213 -0.01177865 0.9999307 -3.13308e-4 0.04302039 0 0 0 1</matrix>
              <node id="jnt_left_uplegroll" name="jnt_left_uplegroll" sid="jnt_left_uplegroll" type="JOINT">
                <matrix sid="transform">1 9.31323e-10 2.46662e-8 0.4300001 0 1 -2.61934e-10 5.96046e-8 -6.40352e-9 1.74623e-10 1 1.78814e-7 0 0 0 1</matrix>
                <extra>
                  <technique profile="blender">
                    <layer sid="layer" type="string">0</layer>
                    <roll sid="roll" type="float">-1.39277</roll>
                    <tip_x sid="tip_x" type="float">0.001133561</tip_x>
                    <tip_y sid="tip_y" type="float">-0.00751686</tip_y>
                    <tip_z sid="tip_z" type="float">0.6451197</tip_z>
                  </technique>
                </extra>
              </node>
              <node id="jnt_left_leg" name="jnt_left_leg" sid="jnt_left_leg" type="JOINT">
                <matrix sid="transform">0.9846381 0.1746082 1.36592e-7 0.8603289 -0.1746082 0.984638 6.19475e-7 -4.18164e-7 -2.19661e-8 -6.26023e-7 1 5.96046e-8 0 0 0 1</matrix>
                <node id="jnt_left_legroll" name="jnt_left_legroll" sid="jnt_left_legroll" type="JOINT">
                  <matrix sid="transform">1 -5.96046e-8 -1.49375e-8 0.3840002 2.98023e-8 1 1.02154e-8 -4.47035e-8 -1.73932e-8 -1.3737e-8 1 5.96046e-8 0 0 0 1</matrix>
                  <extra>
                    <technique profile="blender">
                      <layer sid="layer" type="string">0</layer>
                      <roll sid="roll" type="float">-1.358556</roll>
                      <tip_x sid="tip_x" type="float">0.0186336</tip_x>
                      <tip_y sid="tip_y" type="float">-0.10563</tip_y>
                      <tip_z sid="tip_z" type="float">0.5659975</tip_z>
                    </technique>
                  </extra>
                </node>
                <node id="jnt_left_foot" name="jnt_left_foot" sid="jnt_left_foot" type="JOINT">
                  <matrix sid="transform">0.3223614 -0.9267147 -0.1930876 0.7681425 0.9464571 0.3117863 0.08371465 5.21541e-8 -0.01737754 -0.2097355 0.9776039 -3.57628e-7 0 0 0 1</matrix>
                  <node id="jnt_left_toebase" name="jnt_left_toebase" sid="jnt_left_toebase" type="JOINT">
                    <matrix sid="transform">0.918936 -0.3944069 -1.50502e-6 0.4418457 0.394407 0.9189359 3.8743e-6 -4.61936e-7 -1.49012e-7 -4.15929e-6 1 -5.96046e-8 0 0 0 1</matrix>
                    <node id="jnt_left_toeend" name="jnt_left_toeend" sid="jnt_left_toeend" type="JOINT">
                      <matrix sid="transform">1 0 7.45058e-9 0.3793971 7.45058e-9 0.9999999 -7.45058e-9 9.46224e-7 7.45058e-9 1.02445e-8 1 -1.19209e-7 0 0 0 1</matrix>
                      <extra>
                        <technique profile="blender">
                          <layer sid="layer" type="string">0</layer>
                          <roll sid="roll" type="float">-1.452624</roll>
                          <tip_x sid="tip_x" type="float">0.004372537</tip_x>
                          <tip_y sid="tip_y" type="float">0.3775815</tip_y>
                          <tip_z sid="tip_z" type="float">0.03681343</tip_z>
                        </technique>
                      </extra>
                    </node>
                    <extra>
                      <technique profile="blender">
                        <layer sid="layer" type="string">0</layer>
                        <roll sid="roll" type="float">-1.452624</roll>
                        <tip_x sid="tip_x" type="float">0.004372537</tip_x>
                        <tip_y sid="tip_y" type="float">0.3775816</tip_y>
                        <tip_z sid="tip_z" type="float">0.03681343</tip_z>
                      </technique>
                    </extra>
                  </node>
                  <extra>
                    <technique profile="blender">
                      <layer sid="layer" type="string">0</layer>
                      <roll sid="roll" type="float">-1.452625</roll>
                      <tip_x sid="tip_x" type="float">0.02512496</tip_x>
                      <tip_y sid="tip_y" type="float">0.3870566</tip_y>
                      <tip_z sid="tip_z" type="float">0.2116212</tip_z>
                    </technique>
                  </extra>
                </node>
                <extra>
                  <technique profile="blender">
                    <layer sid="layer" type="string">0</layer>
                    <roll sid="roll" type="float">-1.358556</roll>
                    <tip_x sid="tip_x" type="float">0.0186336</tip_x>
                    <tip_y sid="tip_y" type="float">-0.10563</tip_y>
                    <tip_z sid="tip_z" type="float">0.5659976</tip_z>
                  </technique>
                </extra>
              </node>
              <extra>
                <technique profile="blender">
                  <layer sid="layer" type="string">0</layer>
                  <roll sid="roll" type="float">-1.39277</roll>
                  <tip_x sid="tip_x" type="float">0.001133561</tip_x>
                  <tip_y sid="tip_y" type="float">-0.00751686</tip_y>
                  <tip_z sid="tip_z" type="float">0.6451197</tip_z>
                </technique>
              </extra>
            </node>
            <node id="jnt_height" name="jnt_height" sid="jnt_height" type="JOINT">
              <matrix sid="transform">1 0 0 0 0 1 0 0 0 0 1 7.45058e-9 0 0 0 1</matrix>
              <node id="jnt_spine1" name="jnt_spine1" sid="jnt_spine1" type="JOINT">
                <matrix sid="transform">-4.37114e-8 0 1 0 0.9999273 -0.01205976 4.42378e-8 0.212132 0.01205976 0.9999272 -4.37722e-8 0.02348193 0 0 0 1</matrix>
                <node id="jnt_spine2" name="jnt_spine2" sid="jnt_spine2" type="JOINT">
                  <matrix sid="transform">0.9987346 0.05029117 -2.26148e-9 0.4268491 -0.05029117 0.9987347 -2.08721e-9 1.07661e-6 2.15365e-9 2.1983e-9 1 1.86582e-8 0 0 0 1</matrix>
                  <node id="jnt_spine3" name="jnt_spine3" sid="jnt_spine3" type="JOINT">
                    <matrix sid="transform">0.9981341 0.06106097 -1.87424e-9 0.5550647 -0.06106097 0.9981341 -2.42426e-9 1.78814e-7 1.72271e-9 2.53418e-9 1 2.30365e-8 0 0 0 1</matrix>
                    <node id="jnt_neck" name="jnt_neck" sid="jnt_neck" type="JOINT">
                      <matrix sid="transform">0.9589919 -0.2834337 1.43578e-8 0.8674514 0.2834337 0.9589918 1.59777e-8 0.1715708 -1.82976e-8 -1.1253e-8 1 3.44398e-8 0 0 0 1</matrix>
                      <extra>
                        <technique profile="blender">
                          <layer sid="layer" type="string">0</layer>
                          <roll sid="roll" type="float">1.570796</roll>
                          <tip_x sid="tip_x" type="float">0</tip_x>
                          <tip_y sid="tip_y" type="float">-0.05509376</tip_y>
                          <tip_z sid="tip_z" type="float">0.2895575</tip_z>
                        </technique>
                      </extra>
                    </node>
                    <node id="jnt_left_armroot" name="jnt_left_armroot" sid="jnt_left_armroot" type="JOINT">
                      <matrix sid="transform">1 -2.98023e-8 -8.67307e-10 4.76837e-7 2.98023e-8 1 0 0 8.67311e-10 -8.88178e-16 1 2.84217e-14 0 0 0 1</matrix>
                      <node id="jnt_left_shoulder" name="jnt_left_shoulder" sid="jnt_left_shoulder" type="JOINT">
                        <matrix sid="transform">-0.01928998 0.09283156 -0.9954935 0.6359894 0.3520026 -0.9313005 -0.09366528 0.1143911 -0.9358001 -0.3522236 -0.01471269 0.2661861 0 0 0 1</matrix>
                        <node id="jnt_left_arm" name="jnt_left_arm" sid="jnt_left_arm" type="JOINT">
                          <matrix sid="transform">0.9668691 -0.2458921 0.06856533 -0.525419 0.2449921 0.9692895 0.02137181 -0.03244768 -0.07171481 -0.00386577 0.9974177 0.009494781 0 0 0 1</matrix>
                          <node id="jnt_left_armroll" name="jnt_left_armroll" sid="jnt_left_armroll" type="JOINT">
                            <matrix sid="transform">1 9.68575e-8 -1.0943e-7 -0.4219943 -1.04308e-7 1 -1.86265e-9 1.02818e-6 1.06404e-7 9.31323e-10 1 -3.8147e-6 0 0 0 1</matrix>
                            <extra>
                              <technique profile="blender">
                                <layer sid="layer" type="string">0</layer>
                                <roll sid="roll" type="float">-2.943103</roll>
                                <tip_x sid="tip_x" type="float">-0.07041609</tip_x>
                                <tip_y sid="tip_y" type="float">0</tip_y>
                                <tip_z sid="tip_z" type="float">-0.6290588</tip_z>
                              </technique>
                            </extra>
                          </node>
                          <node id="jnt_left_forearm" name="jnt_left_forearm" sid="jnt_left_forearm" type="JOINT">
                            <matrix sid="transform">0.9806849 -0.1950237 -0.01492728 -0.8439809 0.1952357 0.9806511 0.01437618 1.3262e-6 0.01183474 -0.01701284 0.9997851 2.86102e-6 0 0 0 1</matrix>
                            <node id="jnt_left_forearmroll" name="jnt_left_forearmroll" sid="jnt_left_forearmroll" type="JOINT">
                              <matrix sid="transform">1 -8.19564e-8 1.39116e-8 -0.4870012 8.19564e-8 1 4.19095e-9 -1.3411e-7 -1.79862e-8 -4.19095e-9 1 -3.57628e-6 0 0 0 1</matrix>
                              <extra>
                                <technique profile="blender">
                                  <layer sid="layer" type="string">0</layer>
                                  <roll sid="roll" type="float">3.129533</roll>
                                  <tip_x sid="tip_x" type="float">0.06248092</tip_x>
                                  <tip_y sid="tip_y" type="float">0</tip_y>
                                  <tip_z sid="tip_z" type="float">-0.7284569</tip_z>
                                </technique>
                              </extra>
                            </node>
                            <node id="jnt_left_hand" name="jnt_left_hand" sid="jnt_left_hand" type="JOINT">
                              <matrix sid="transform">0.9983255 1.2666e-7 -0.05784709 -0.9752622 -1.3411e-7 1 -1.43191e-8 -3.42727e-7 0.05784708 2.23517e-8 0.9983256 2.14577e-6 0 0 0 1</matrix>
                              <node id="jnt_left_handthumb1" name="jnt_left_handthumb1" sid="jnt_left_handthumb1" type="JOINT">
                                <matrix sid="transform">0.8014197 -0.5833604 0.1319753 -0.06022835 0.3329842 0.6184776 0.7117633 -0.2039418 -0.4968382 -0.5264753 0.6899098 0.1556778 0 0 0 1</matrix>
                                <node id="jnt_left_handthumb2" name="jnt_left_handthumb2" sid="jnt_left_handthumb2" type="JOINT">
                                  <matrix sid="transform">0.9592629 0.2825146 -2.98023e-8 -0.2132266 -0.2825146 0.9592631 6.25849e-7 -3.57628e-6 1.93715e-7 -5.96046e-7 1 4.05312e-6 0 0 0 1</matrix>
                                  <node id="jnt_left_handthumb3" name="jnt_left_handthumb3" sid="jnt_left_handthumb3" type="JOINT">
                                    <matrix sid="transform">0.975493 0.2200306 2.5332e-7 -0.1418777 -0.2200306 0.9754931 -9.23872e-7 6.19888e-6 -4.91738e-7 8.04663e-7 1 -2.40803e-5 0 0 0 1</matrix>
                                    <node id="jnt_left_handthumb4" name="jnt_left_handthumb4" sid="jnt_left_handthumb4" type="JOINT">
                                      <matrix sid="transform">1 -1.22935e-7 7.45058e-9 -0.122601 1.30385e-7 1 -1.19209e-7 -5.24521e-6 -1.11759e-8 5.96046e-8 1 5.48363e-6 0 0 0 1</matrix>
                                      <extra>
                                        <technique profile="blender">
                                          <layer sid="layer" type="string">0</layer>
                                          <roll sid="roll" type="float">-3.137119</roll>
                                          <tip_x sid="tip_x" type="float">0.02330565</tip_x>
                                          <tip_y sid="tip_y" type="float">0.08579134</tip_y>
                                          <tip_z sid="tip_z" type="float">-0.0844258</tip_z>
                                        </technique>
                                      </extra>
                                    </node>
                                    <extra>
                                      <technique profile="blender">
                                        <layer sid="layer" type="string">0</layer>
                                        <roll sid="roll" type="float">-3.137119</roll>
                                        <tip_x sid="tip_x" type="float">0.02330565</tip_x>
                                        <tip_y sid="tip_y" type="float">0.08579134</tip_y>
                                        <tip_z sid="tip_z" type="float">-0.0844258</tip_z>
                                      </technique>
                                    </extra>
                                  </node>
                                  <extra>
                                    <technique profile="blender">
                                      <layer sid="layer" type="string">0</layer>
                                      <roll sid="roll" type="float">3.05484</roll>
                                      <tip_x sid="tip_x" type="float">0.05685186</tip_x>
                                      <tip_y sid="tip_y" type="float">0.09081721</tip_y>
                                      <tip_z sid="tip_z" type="float">-0.09300243</tip_z>
                                    </technique>
                                  </extra>
                                </node>
                                <extra>
                                  <technique profile="blender">
                                    <layer sid="layer" type="string">0</layer>
                                    <roll sid="roll" type="float">2.930315</roll>
                                    <tip_x sid="tip_x" type="float">0.1369349</tip_x>
                                    <tip_y sid="tip_y" type="float">0.1103014</tip_y>
                                    <tip_z sid="tip_z" type="float">-0.120615</tip_z>
                                  </technique>
                                </extra>
                              </node>
                              <node id="jnt_left_handindex1" name="jnt_left_handindex1" sid="jnt_left_handindex1" type="JOINT">
                                <matrix sid="transform">0.7508157 0.6596224 0.03426855 -0.4943719 0.007409818 0.04346698 -0.9990276 -0.2039751 -0.6604704 0.7503392 0.02774799 -0.02984858 0 0 0 1</matrix>
                                <node id="jnt_left_handindex2" name="jnt_left_handindex2" sid="jnt_left_handindex2" type="JOINT">
                                  <matrix sid="transform">0.9562019 0.2927082 1.3411e-6 -0.1454324 -0.2927084 0.9562019 1.49012e-8 0.001121044 -1.27777e-6 -4.09782e-7 1 3.91304e-5 0 0 0 1</matrix>
                                  <node id="jnt_left_handindex3" name="jnt_left_handindex3" sid="jnt_left_handindex3" type="JOINT">
                                    <matrix sid="transform">0.9920909 0.1255217 1.37836e-7 -0.09375334 -0.1255217 0.9920908 -4.47035e-8 4.76837e-6 -1.49012e-7 4.47035e-8 1 8.9407e-7 0 0 0 1</matrix>
                                    <node id="jnt_left_handindex4" name="jnt_left_handindex4" sid="jnt_left_handindex4" type="JOINT">
                                      <matrix sid="transform">1 -3.00352e-8 3.1665e-8 -0.1070833 4.19095e-9 1 1.49012e-8 4.81606e-5 -3.91155e-8 -3.72529e-8 1 -0.001504064 0 0 0 1</matrix>
                                      <extra>
                                        <technique profile="blender">
                                          <layer sid="layer" type="string">0</layer>
                                          <roll sid="roll" type="float">-0.1617961</roll>
                                          <tip_x sid="tip_x" type="float">-0.09734869</tip_x>
                                          <tip_y sid="tip_y" type="float">-0.04272007</tip_y>
                                          <tip_z sid="tip_z" type="float">-0.01293712</tip_z>
                                        </technique>
                                      </extra>
                                    </node>
                                    <extra>
                                      <technique profile="blender">
                                        <layer sid="layer" type="string">0</layer>
                                        <roll sid="roll" type="float">-0.1617961</roll>
                                        <tip_x sid="tip_x" type="float">-0.09734869</tip_x>
                                        <tip_y sid="tip_y" type="float">-0.04272007</tip_y>
                                        <tip_z sid="tip_z" type="float">-0.01293712</tip_z>
                                      </technique>
                                    </extra>
                                  </node>
                                  <extra>
                                    <technique profile="blender">
                                      <layer sid="layer" type="string">0</layer>
                                      <roll sid="roll" type="float">-0.1681065</roll>
                                      <tip_x sid="tip_x" type="float">-0.07984995</tip_x>
                                      <tip_y sid="tip_y" type="float">-0.04788875</tip_y>
                                      <tip_z sid="tip_z" type="float">-0.01096385</tip_z>
                                    </technique>
                                  </extra>
                                </node>
                                <extra>
                                  <technique profile="blender">
                                    <layer sid="layer" type="string">0</layer>
                                    <roll sid="roll" type="float">-0.1906839</roll>
                                    <tip_x sid="tip_x" type="float">-0.09672951</tip_x>
                                    <tip_y sid="tip_y" type="float">-0.1076152</tip_y>
                                    <tip_z sid="tip_z" type="float">-0.01464146</tip_z>
                                  </technique>
                                </extra>
                              </node>
                              <node id="jnt_left_weapon" name="jnt_left_weapon" sid="jnt_left_weapon" type="JOINT">
                                <matrix sid="transform">-0.0686464 -0.1089394 -0.9916743 -0.3693528 0.1087161 -0.9889174 0.1011108 -0.05407414 -0.9916987 -0.1008701 0.0797308 0.2966135 0 0 0 1</matrix>
                                <extra>
                                  <technique profile="blender">
                                    <layer sid="layer" type="string">0</layer>
                                    <roll sid="roll" type="float">1.500682</roll>
                                    <tip_x sid="tip_x" type="float">0.01153945</tip_x>
                                    <tip_y sid="tip_y" type="float">0.04471778</tip_y>
                                    <tip_z sid="tip_z" type="float">0.4486142</tip_z>
                                  </technique>
                                </extra>
                              </node>
                              <node id="jnt_left_handmiddle1" name="jnt_left_handmiddle1" sid="jnt_left_handmiddle1" type="JOINT">
                                <matrix sid="transform">0.6965669 0.7142455 -0.06817631 -0.4892466 -0.04781604 -0.04859773 -0.9976732 -0.06206703 -0.7158968 0.698206 3.00825e-4 -0.0363102 0 0 0 1</matrix>
                                <node id="jnt_left_handmiddle2" name="jnt_left_handmiddle2" sid="jnt_left_handmiddle2" type="JOINT">
                                  <matrix sid="transform">0.940502 0.3397882 8.55885e-7 -0.1766894 -0.3397883 0.940502 -3.81842e-8 4.76837e-6 -8.18167e-7 -2.57045e-7 1 1.37836e-7 0 0 0 1</matrix>
                                  <node id="jnt_left_handmiddle3" name="jnt_left_handmiddle3" sid="jnt_left_handmiddle3" type="JOINT">
                                    <matrix sid="transform">0.9921406 0.1251288 3.91155e-8 -0.108367 -0.1251288 0.9921405 -8.56817e-8 3.8147e-6 -4.93601e-8 8.19564e-8 1 -7.07805e-8 0 0 0 1</matrix>
                                    <node id="jnt_left_handmiddle4" name="jnt_left_handmiddle4" sid="jnt_left_handmiddle4" type="JOINT">
                                      <matrix sid="transform">1 7.64703e-8 -1.16415e-9 -0.1191943 -5.94882e-8 1 -1.86265e-9 -1.07765e-4 1.86265e-9 3.72529e-9 1 4.94346e-6 0 0 0 1</matrix>
                                      <extra>
                                        <technique profile="blender">
                                          <layer sid="layer" type="string">0</layer>
                                          <roll sid="roll" type="float">-0.01916849</roll>
                                          <tip_x sid="tip_x" type="float">-0.1143631</tip_x>
                                          <tip_y sid="tip_y" type="float">-0.03352975</tip_y>
                                          <tip_z sid="tip_z" type="float">-0.002029657</tip_z>
                                        </technique>
                                      </extra>
                                    </node>
                                    <extra>
                                      <technique profile="blender">
                                        <layer sid="layer" type="string">0</layer>
                                        <roll sid="roll" type="float">-0.01916849</roll>
                                        <tip_x sid="tip_x" type="float">-0.1143631</tip_x>
                                        <tip_y sid="tip_y" type="float">-0.03352975</tip_y>
                                        <tip_z sid="tip_z" type="float">-0.002029657</tip_z>
                                      </technique>
                                    </extra>
                                  </node>
                                  <extra>
                                    <technique profile="blender">
                                      <layer sid="layer" type="string">0</layer>
                                      <roll sid="roll" type="float">-0.0194289</roll>
                                      <tip_x sid="tip_x" type="float">-0.09934306</tip_x>
                                      <tip_y sid="tip_y" type="float">-0.04325652</tip_y>
                                      <tip_z sid="tip_z" type="float">-0.001782417</tip_z>
                                    </technique>
                                  </extra>
                                </node>
                                <extra>
                                  <technique profile="blender">
                                    <layer sid="layer" type="string">0</layer>
                                    <roll sid="roll" type="float">-0.02051466</roll>
                                    <tip_x sid="tip_x" type="float">-0.1283767</tip_x>
                                    <tip_y sid="tip_y" type="float">-0.1213788</tip_y>
                                    <tip_z sid="tip_z" type="float">-0.002392709</tip_z>
                                  </technique>
                                </extra>
                              </node>
                              <node id="jnt_left_handring1" name="jnt_left_handring1" sid="jnt_left_handring1" type="JOINT">
                                <matrix sid="transform">0.6821902 0.6962082 -0.2234071 -0.4699614 -0.1071229 -0.2070818 -0.9724413 0.07679421 -0.723285 0.6873217 -0.06668928 -0.03664804 0 0 0 1</matrix>
                                <node id="jnt_left_handring2" name="jnt_left_handring2" sid="jnt_left_handring2" type="JOINT">
                                  <matrix sid="transform">0.9351738 0.3541894 8.23289e-7 -0.1842324 -0.3541893 0.9351737 -3.57628e-7 1.90735e-6 -9.00123e-7 5.96046e-8 1 -8.9407e-7 0 0 0 1</matrix>
                                  <node id="jnt_left_handring3" name="jnt_left_handring3" sid="jnt_left_handring3" type="JOINT">
                                    <matrix sid="transform">0.9923098 0.1237795 1.41095e-7 -0.1039596 -0.1237795 0.9923099 -4.47035e-8 2.38419e-6 -1.52737e-7 5.96046e-8 1 -1.13249e-6 0 0 0 1</matrix>
                                    <node id="jnt_left_handring4" name="jnt_left_handring4" sid="jnt_left_handring4" type="JOINT">
                                      <matrix sid="transform">1 -6.47269e-8 1.2666e-7 -0.1202466 6.33299e-8 0.9999999 1.49012e-7 -1.06335e-4 -1.32248e-7 -1.49012e-7 1 1.68681e-5 0 0 0 1</matrix>
                                      <extra>
                                        <technique profile="blender">
                                          <layer sid="layer" type="string">0</layer>
                                          <roll sid="roll" type="float">0.2233579</roll>
                                          <tip_x sid="tip_x" type="float">-0.1148197</tip_x>
                                          <tip_y sid="tip_y" type="float">-0.03067803</tip_y>
                                          <tip_z sid="tip_z" type="float">0.01828885</tip_z>
                                        </technique>
                                      </extra>
                                    </node>
                                    <extra>
                                      <technique profile="blender">
                                        <layer sid="layer" type="string">0</layer>
                                        <roll sid="roll" type="float">0.2233579</roll>
                                        <tip_x sid="tip_x" type="float">-0.1148197</tip_x>
                                        <tip_y sid="tip_y" type="float">-0.03067803</tip_y>
                                        <tip_z sid="tip_z" type="float">0.01828885</tip_z>
                                      </technique>
                                    </extra>
                                  </node>
                                  <extra>
                                    <technique profile="blender">
                                      <layer sid="layer" type="string">0</layer>
                                      <roll sid="roll" type="float">0.2348218</roll>
                                      <tip_x sid="tip_x" type="float">-0.0951364</tip_x>
                                      <tip_y sid="tip_y" type="float">-0.03873419</tip_y>
                                      <tip_z sid="tip_z" type="float">0.01600521</tip_z>
                                    </technique>
                                  </extra>
                                </node>
                                <extra>
                                  <technique profile="blender">
                                    <layer sid="layer" type="string">0</layer>
                                    <roll sid="roll" type="float">0.2853221</roll>
                                    <tip_x sid="tip_x" type="float">-0.1330103</tip_x>
                                    <tip_y sid="tip_y" type="float">-0.1246073</tip_y>
                                    <tip_z sid="tip_z" type="float">0.02688276</tip_z>
                                  </technique>
                                </extra>
                              </node>
                              <node id="jnt_left_handpinky1" name="jnt_left_handpinky1" sid="jnt_left_handpinky1" type="JOINT">
                                <matrix sid="transform">0.7078057 0.685955 -0.1687506 -0.4076097 -0.1049377 -0.134134 -0.9853914 0.2081547 -0.6985693 0.7151738 -0.02295825 0.01222563 0 0 0 1</matrix>
                                <node id="jnt_left_handpinky2" name="jnt_left_handpinky2" sid="jnt_left_handpinky2" type="JOINT">
                                  <matrix sid="transform">0.9377774 0.3472371 6.37025e-7 -0.1485031 -0.3472372 0.9377775 -3.27826e-7 -5.24521e-6 -7.13393e-7 8.9407e-8 1 -9.83477e-7 0 0 0 1</matrix>
                                  <node id="jnt_left_handpinky3" name="jnt_left_handpinky3" sid="jnt_left_handpinky3" type="JOINT">
                                    <matrix sid="transform">0.9943414 0.1062326 2.86847e-7 -0.07547355 -0.1062326 0.9943414 1.04308e-7 4.76837e-6 -2.76137e-7 -1.3411e-7 1 -2.98023e-8 0 0 0 1</matrix>
                                    <node id="jnt_left_handpinky4" name="jnt_left_handpinky4" sid="jnt_left_handpinky4" type="JOINT">
                                      <matrix sid="transform">0.9999999 8.87667e-8 -4.65661e-10 -0.1011577 -6.57164e-8 0.9999999 -7.45058e-9 -3.33786e-6 9.31323e-10 2.23517e-8 1 -1.19209e-7 0 0 0 1</matrix>
                                      <extra>
                                        <technique profile="blender">
                                          <layer sid="layer" type="string">0</layer>
                                          <roll sid="roll" type="float">0.1125403</roll>
                                          <tip_x sid="tip_x" type="float">-0.09560465</tip_x>
                                          <tip_y sid="tip_y" type="float">-0.0318799</tip_y>
                                          <tip_z sid="tip_z" type="float">0.008736371</tip_z>
                                        </technique>
                                      </extra>
                                    </node>
                                    <extra>
                                      <technique profile="blender">
                                        <layer sid="layer" type="string">0</layer>
                                        <roll sid="roll" type="float">0.1125403</roll>
                                        <tip_x sid="tip_x" type="float">-0.09560465</tip_x>
                                        <tip_y sid="tip_y" type="float">-0.0318799</tip_y>
                                        <tip_z sid="tip_z" type="float">0.008736371</tip_z>
                                      </technique>
                                    </extra>
                                  </node>
                                  <extra>
                                    <technique profile="blender">
                                      <layer sid="layer" type="string">0</layer>
                                      <roll sid="roll" type="float">0.115953</roll>
                                      <tip_x sid="tip_x" type="float">-0.06839537</tip_x>
                                      <tip_y sid="tip_y" type="float">-0.03125834</tip_y>
                                      <tip_z sid="tip_z" type="float">0.0064224</tip_z>
                                    </technique>
                                  </extra>
                                </node>
                                <extra>
                                  <technique profile="blender">
                                    <layer sid="layer" type="string">0</layer>
                                    <roll sid="roll" type="float">0.1331779</roll>
                                    <tip_x sid="tip_x" type="float">-0.1048369</tip_x>
                                    <tip_y sid="tip_y" type="float">-0.1046011</tip_y>
                                    <tip_z sid="tip_z" type="float">0.01100051</tip_z>
                                  </technique>
                                </extra>
                              </node>
                              <extra>
                                <technique profile="blender">
                                  <layer sid="layer" type="string">0</layer>
                                  <roll sid="roll" type="float">3.071654</roll>
                                  <tip_x sid="tip_x" type="float">0.03854012</tip_x>
                                  <tip_y sid="tip_y" type="float">0</tip_y>
                                  <tip_z sid="tip_z" type="float">-0.4493353</tip_z>
                                </technique>
                              </extra>
                            </node>
                            <extra>
                              <technique profile="blender">
                                <layer sid="layer" type="string">0</layer>
                                <roll sid="roll" type="float">3.129533</roll>
                                <tip_x sid="tip_x" type="float">0.06248092</tip_x>
                                <tip_y sid="tip_y" type="float">0</tip_y>
                                <tip_z sid="tip_z" type="float">-0.7284567</tip_z>
                              </technique>
                            </extra>
                          </node>
                          <extra>
                            <technique profile="blender">
                              <layer sid="layer" type="string">0</layer>
                              <roll sid="roll" type="float">-2.943103</roll>
                              <tip_x sid="tip_x" type="float">-0.07041609</tip_x>
