<?xml version="1.0" encoding="utf-8"?>
<COLLADA xmlns="http://www.collada.org/2005/11/COLLADASchema" version="1.4.1">
  <asset><contributor><author></author><authoring_tool>FBX COLLADA exporter</authoring_tool><comments></comments></contributor><created>2018-05-02T08:53:07Z</created><keywords></keywords><modified>2018-05-02T08:53:07Z</modified><revision></revision><subject></subject><title></title><unit meter="0.010000" name="centimeter"></unit><up_axis>Y_UP</up_axis></asset>
  <library_animations>
    <animation id="jnt_hips-anim" name="jnt_hips"><animation><source id="jnt_hips-Matrix-animation-input"><float_array id="jnt_hips-Matrix-animation-input-array" count="13">

0.000000 0.033333 0.066667 0.100000 0.133333 0.166667 0.200000 0.233333 0.266667 0.300000 0.333333 0.366667 0.400000</float_array><technique_common><accessor source="#jnt_hips-Matrix-animation-input-array" count="13"><param name="TIME" type="float"/></accessor></technique_common></source><source id="jnt_hips-Matrix-animation-output-transform"><float_array id="jnt_hips-Matrix-animation-output-transform-array" count="208">

1.000000 0.000000 0.000000 0.000000 0.000000 1.000000 0.000000 1.729921 0.000000 0.000000 1.000000 -0.094053 0.000000 0.000000 0.000000 1.000000
1.000000 0.000000 0.000000 0.000000 0.000000 1.000000 0.000000 1.729921 0.000000 0.000000 1.000000 -0.094053 0.000000 0.000000 0.000000 1.000000
1.000000 0.000000 0.000000 0.000000 0.000000 1.000000 0.000000 1.729921 0.000000 0.000000 1.000000 -0.094053 0.000000 0.000000 0.000000 1.000000
1.000000 0.000000 0.000000 0.000000 0.000000 1.000000 0.000000 1.729921 0.000000 0.000000 1.000000 -0.094053 0.000000 0.000000 0.000000 1.000000
1.000000 0.000000 0.000000 0.000000 0.000000 1.000000 0.000000 1.729921 0.000000 0.000000 1.000000 -0.094053 0.000000 0.000000 0.000000 1.000000
1.000000 0.000000 0.000000 0.000000 0.000000 1.000000 0.000000 1.729921 0.000000 0.000000 1.000000 -0.094053 0.000000 0.000000 0.000000 1.000000
1.000000 0.000000 0.000000 0.000000 0.000000 1.000000 0.000000 1.729921 0.000000 0.000000 1.000000 -0.094053 0.000000 0.000000 0.000000 1.000000
1.000000 0.000000 0.000000 0.000000 0.000000 1.000000 0.000000 1.729921 0.000000 0.000000 1.000000 -0.094053 0.000000 0.000000 0.000000 1.000000
1.000000 0.000000 0.000000 0.000000 0.000000 1.000000 0.000000 1.729921 0.000000 0.000000 1.000000 -0.094053 0.000000 0.000000 0.000000 1.000000
1.000000 0.000000 0.000000 0.000000 0.000000 1.000000 0.000000 1.729921 0.000000 0.000000 1.000000 -0.094053 0.000000 0.000000 0.000000 1.000000
1.000000 0.000000 0.000000 0.000000 0.000000 1.000000 0.000000 1.729921 0.000000 0.000000 1.000000 -0.094053 0.000000 0.000000 0.000000 1.000000
1.000000 0.000000 0.000000 0.000000 0.000000 1.000000 0.000000 1.729921 0.000000 0.000000 1.000000 -0.094053 0.000000 0.000000 0.000000 1.000000
1.000000 0.000000 0.000000 0.000000 0.000000 1.000000 0.000000 1.729921 0.000000 0.000000 1.000000 -0.094053 0.000000 0.000000 0.000000 1.000000</float_array><technique_common><accessor source="#jnt_hips-Matrix-animation-output-transform-array" count="13" stride="16"><param type="float4x4"/></accessor></technique_common></source><source id="jnt_hips-Interpolations"><Name_array id="jnt_hips-Interpolations-array" count="13">
 LINEAR LINEAR LINEAR LINEAR LINEAR LINEAR LINEAR LINEAR LINEAR LINEAR LINEAR
LINEAR LINEAR</Name_array><technique_common><accessor source="#jnt_hips-Interpolations-array" count="13"><param type="name"/></accessor></technique_common></source><sampler id="jnt_hips-Matrix-animation-transform"><input semantic="INPUT" source="#jnt_hips-Matrix-animation-input"/><input semantic="OUTPUT" source="#jnt_hips-Matrix-animation-output-transform"/><input semantic="INTERPOLATION" source="#jnt_hips-Interpolations"/></sampler><channel source="#jnt_hips-Matrix-animation-transform" target="jnt_hips/matrix"/></animation></animation>
    <animation id="jnt_right_upleg-anim" name="jnt_right_upleg"><animation><source id="jnt_right_upleg-Matrix-animation-input"><float_array id="jnt_right_upleg-Matrix-animation-input-array" count="13">

0.000000 0.033333 0.066667 0.100000 0.133333 0.166667 0.200000 0.233333 0.266667 0.300000 0.333333 0.366667 0.400000</float_array><technique_common><accessor source="#jnt_right_upleg-Matrix-animation-input-array" count="13"><param name="TIME" type="float"/></accessor></technique_common></source><source id="jnt_right_upleg-Matrix-animation-output-transform"><float_array id="jnt_right_upleg-Matrix-animation-output-transform-array" count="208">

-0.206054 0.021900 -0.978296 -0.446779 -0.878083 0.437092 0.194731 -0.111214 0.431870 0.899150 -0.070835 0.043020 0.000000 0.000000 0.000000 1.000000
-0.206054 0.021900 -0.978296 -0.446779 -0.878084 0.437091 0.194732 -0.111214 0.431869 0.899150 -0.070834 0.043020 0.000000 0.000000 0.000000 1.000000
-0.206054 0.021900 -0.978296 -0.446779 -0.878083 0.437092 0.194731 -0.111214 0.431869 0.899150 -0.070835 0.043020 0.000000 0.000000 0.000000 1.000000
-0.206054 0.021900 -0.978295 -0.446779 -0.878083 0.437091 0.194732 -0.111214 0.431869 0.899150 -0.070835 0.043020 0.000000 0.000000 0.000000 1.000000
-0.206054 0.021900 -0.978296 -0.446779 -0.878083 0.437092 0.194731 -0.111214 0.431869 0.899150 -0.070835 0.043020 0.000000 0.000000 0.000000 1.000000
-0.206054 0.021900 -0.978296 -0.446779 -0.878083 0.437092 0.194731 -0.111214 0.431870 0.899150 -0.070835 0.043020 0.000000 0.000000 0.000000 1.000000
-0.206054 0.021900 -0.978296 -0.446779 -0.878083 0.437092 0.194731 -0.111214 0.431869 0.899150 -0.070835 0.043020 0.000000 0.000000 0.000000 1.000000
-0.206054 0.021900 -0.978296 -0.446779 -0.878083 0.437092 0.194731 -0.111214 0.431870 0.899150 -0.070835 0.043020 0.000000 0.000000 0.000000 1.000000
-0.206054 0.021900 -0.978296 -0.446779 -0.878083 0.437092 0.194731 -0.111214 0.431869 0.899150 -0.070835 0.043020 0.000000 0.000000 0.000000 1.000000
-0.206054 0.021900 -0.978295 -0.446779 -0.878083 0.437093 0.194731 -0.111214 0.431871 0.899150 -0.070835 0.043020 0.000000 0.000000 0.000000 1.000000
-0.206054 0.021900 -0.978296 -0.446779 -0.878083 0.437093 0.194731 -0.111214 0.431871 0.899150 -0.070835 0.043020 0.000000 0.000000 0.000000 1.000000
-0.206054 0.021900 -0.978296 -0.446779 -0.878083 0.437093 0.194731 -0.111214 0.431871 0.899150 -0.070835 0.043020 0.000000 0.000000 0.000000 1.000000
-0.206054 0.021900 -0.978295 -0.446779 -0.878083 0.437093 0.194731 -0.111214 0.431871 0.899149 -0.070835 0.043020 0.000000 0.000000 0.000000 1.000000</float_array><technique_common><accessor source="#jnt_right_upleg-Matrix-animation-output-transform-array" count="13" stride="16"><param type="float4x4"/></accessor></technique_common></source><source id="jnt_right_upleg-Interpolations"><Name_array id="jnt_right_upleg-Interpolations-array" count="13">
 LINEAR LINEAR LINEAR LINEAR LINEAR LINEAR LINEAR LINEAR LINEAR LINEAR LINEAR
LINEAR LINEAR</Name_array><technique_common><accessor source="#jnt_right_upleg-Interpolations-array" count="13"><param type="name"/></accessor></technique_common></source><sampler id="jnt_right_upleg-Matrix-animation-transform"><input semantic="INPUT" source="#jnt_right_upleg-Matrix-animation-input"/><input semantic="OUTPUT" source="#jnt_right_upleg-Matrix-animation-output-transform"/><input semantic="INTERPOLATION" source="#jnt_right_upleg-Interpolations"/></sampler><channel source="#jnt_right_upleg-Matrix-animation-transform" target="jnt_right_upleg/matrix"/></animation></animation>
    <animation id="jnt_right_uplegroll-anim" name="jnt_right_uplegroll"><animation><source id="jnt_right_uplegroll-Matrix-animation-input"><float_array id="jnt_right_uplegroll-Matrix-animation-input-array" count="13">

0.000000 0.033333 0.066667 0.100000 0.133333 0.166667 0.200000 0.233333 0.266667 0.300000 0.333333 0.366667 0.400000</float_array><technique_common><accessor source="#jnt_right_uplegroll-Matrix-animation-input-array" count="13"><param name="TIME" type="float"/></accessor></technique_common></source><source id="jnt_right_uplegroll-Matrix-animation-output-transform"><float_array id="jnt_right_uplegroll-Matrix-animation-output-transform-array" count="208">

1.000000 0.000000 0.000000 0.430000 -0.000000 1.000000 0.000000 -0.000000 0.000000 0.000000 1.000000 0.000000 0.000000 0.000000 0.000000 1.000000
1.000000 -0.000000 0.000000 0.430000 0.000000 1.000000 -0.000000 0.000000 -0.000000 0.000000 1.000000 0.000000 0.000000 0.000000 0.000000 1.000000
1.000000 0.000000 -0.000000 0.430000 0.000000 1.000000 0.000000 0.000000 -0.000000 -0.000000 1.000000 0.000000 0.000000 0.000000 0.000000 1.000000
1.000000 0.000000 -0.000000 0.430000 0.000000 1.000000 0.000000 -0.000000 0.000000 0.000000 1.000000 0.000000 0.000000 0.000000 0.000000 1.000000
1.000000 -0.000000 0.000000 0.430000 0.000000 1.000000 -0.000000 -0.000000 -0.000000 0.000000 1.000000 0.000000 0.000000 0.000000 0.000000 1.000000
1.000000 0.000000 -0.000000 0.430000 0.000000 1.000000 0.000000 -0.000000 0.000000 0.000000 1.000000 0.000000 0.000000 0.000000 0.000000 1.000000
1.000000 0.000000 0.000000 0.430000 0.000000 1.000000 0.000000 -0.000000 0.000000 -0.000000 1.000000 0.000000 0.000000 0.000000 0.000000 1.000000
1.000000 0.000000 0.000000 0.430000 -0.000000 1.000000 0.000000 0.000000 0.000000 0.000000 1.000000 0.000000 0.000000 0.000000 0.000000 1.000000
1.000000 -0.000000 0.000000 0.430000 0.000000 1.000000 -0.000000 -0.000000 -0.000000 0.000000 1.000000 -0.000000 0.000000 0.000000 0.000000 1.000000
1.000000 0.000000 0.000000 0.430000 -0.000000 1.000000 0.000000 0.000000 0.000000 0.000000 1.000000 0.000000 0.000000 0.000000 0.000000 1.000000
1.000000 -0.000000 0.000000 0.430000 -0.000000 1.000000 -0.000000 -0.000000 0.000000 0.000000 1.000000 0.000000 0.000000 0.000000 0.000000 1.000000
1.000000 0.000000 0.000000 0.430000 -0.000000 1.000000 0.000000 0.000000 -0.000000 -0.000000 1.000000 0.000000 0.000000 0.000000 0.000000 1.000000
1.000000 0.000000 0.000000 0.430000 -0.000000 1.000000 0.000000 -0.000000 0.000000 -0.000000 1.000000 -0.000000 0.000000 0.000000 0.000000 1.000000</float_array><technique_common><accessor source="#jnt_right_uplegroll-Matrix-animation-output-transform-array" count="13" stride="16"><param type="float4x4"/></accessor></technique_common></source><source id="jnt_right_uplegroll-Interpolations"><Name_array id="jnt_right_uplegroll-Interpolations-array" count="13">
 LINEAR LINEAR LINEAR LINEAR LINEAR LINEAR LINEAR LINEAR LINEAR LINEAR LINEAR
LINEAR LINEAR</Name_array><technique_common><accessor source="#jnt_right_uplegroll-Interpolations-array" count="13"><param type="name"/></accessor></technique_common></source><sampler id="jnt_right_uplegroll-Matrix-animation-transform"><input semantic="INPUT" source="#jnt_right_uplegroll-Matrix-animation-input"/><input semantic="OUTPUT" source="#jnt_right_uplegroll-Matrix-animation-output-transform"/><input semantic="INTERPOLATION" source="#jnt_right_uplegroll-Interpolations"/></sampler><channel source="#jnt_right_uplegroll-Matrix-animation-transform" target="jnt_right_uplegroll/matrix"/></animation></animation>
    <animation id="jnt_right_leg-anim" name="jnt_right_leg"><animation><source id="jnt_right_leg-Matrix-animation-input"><float_array id="jnt_right_leg-Matrix-animation-input-array" count="13">

0.000000 0.033333 0.066667 0.100000 0.133333 0.166667 0.200000 0.233333 0.266667 0.300000 0.333333 0.366667 0.400000</float_array><technique_common><accessor source="#jnt_right_leg-Matrix-animation-input-array" count="13"><param name="TIME" type="float"/></accessor></technique_common></source><source id="jnt_right_leg-Matrix-animation-output-transform"><float_array id="jnt_right_leg-Matrix-animation-output-transform-array" count="208">

0.283905 0.945841 0.157424 0.860324 -0.957531 0.271049 0.098324 -0.000000 0.050329 -0.178653 0.982624 0.000000 0.000000 0.000000 0.000000 1.000000
0.283906 0.945841 0.157424 0.860324 -0.957530 0.271050 0.098324 -0.000000 0.050329 -0.178653 0.982624 0.000000 0.000000 0.000000 0.000000 1.000000
0.283905 0.945841 0.157424 0.860324 -0.957531 0.271049 0.098324 -0.000000 0.050330 -0.178653 0.982624 0.000000 0.000000 0.000000 0.000000 1.000000
0.283906 0.945841 0.157424 0.860324 -0.957531 0.271050 0.098324 -0.000000 0.050329 -0.178653 0.982624 -0.000000 0.000000 0.000000 0.000000 1.000000
0.283906 0.945841 0.157424 0.860324 -0.957530 0.271050 0.098325 -0.000000 0.050330 -0.178653 0.982624 0.000000 0.000000 0.000000 0.000000 1.000000
0.283905 0.945841 0.157424 0.860324 -0.957531 0.271049 0.098324 -0.000000 0.050330 -0.178653 0.982624 0.000000 0.000000 0.000000 0.000000 1.000000
0.283906 0.945841 0.157424 0.860324 -0.957530 0.271050 0.098325 -0.000000 0.050330 -0.178653 0.982624 0.000000 0.000000 0.000000 0.000000 1.000000
0.283905 0.945841 0.157424 0.860324 -0.957531 0.271049 0.098325 -0.000000 0.050330 -0.178653 0.982624 0.000000 0.000000 0.000000 0.000000 1.000000
0.283907 0.945841 0.157424 0.860324 -0.957530 0.271050 0.098325 -0.000000 0.050330 -0.178653 0.982624 0.000000 0.000000 0.000000 0.000000 1.000000
0.283905 0.945841 0.157424 0.860324 -0.957531 0.271049 0.098325 -0.000000 0.050330 -0.178653 0.982624 0.000000 0.000000 0.000000 0.000000 1.000000
0.283905 0.945841 0.157424 0.860324 -0.957530 0.271049 0.098325 -0.000000 0.050330 -0.178653 0.982624 0.000000 0.000000 0.000000 0.000000 1.000000
0.283905 0.945841 0.157424 0.860324 -0.957531 0.271048 0.098325 -0.000000 0.050330 -0.178654 0.982624 0.000000 0.000000 0.000000 0.000000 1.000000
0.283905 0.945841 0.157424 0.860324 -0.957531 0.271049 0.098325 -0.000000 0.050330 -0.178654 0.982624 0.000000 0.000000 0.000000 0.000000 1.000000</float_array><technique_common><accessor source="#jnt_right_leg-Matrix-animation-output-transform-array" count="13" stride="16"><param type="float4x4"/></accessor></technique_common></source><source id="jnt_right_leg-Interpolations"><Name_array id="jnt_right_leg-Interpolations-array" count="13">
 LINEAR LINEAR LINEAR LINEAR LINEAR LINEAR LINEAR LINEAR LINEAR LINEAR LINEAR
LINEAR LINEAR</Name_array><technique_common><accessor source="#jnt_right_leg-Interpolations-array" count="13"><param type="name"/></accessor></technique_common></source><sampler id="jnt_right_leg-Matrix-animation-transform"><input semantic="INPUT" source="#jnt_right_leg-Matrix-animation-input"/><input semantic="OUTPUT" source="#jnt_right_leg-Matrix-animation-output-transform"/><input semantic="INTERPOLATION" source="#jnt_right_leg-Interpolations"/></sampler><channel source="#jnt_right_leg-Matrix-animation-transform" target="jnt_right_leg/matrix"/></animation></animation>
    <animation id="jnt_right_legroll-anim" name="jnt_right_legroll"><animation><source id="jnt_right_legroll-Matrix-animation-input"><float_array id="jnt_right_legroll-Matrix-animation-input-array" count="13">

0.000000 0.033333 0.066667 0.100000 0.133333 0.166667 0.200000 0.233333 0.266667 0.300000 0.333333 0.366667 0.400000</float_array><technique_common><accessor source="#jnt_right_legroll-Matrix-animation-input-array" count="13"><param name="TIME" type="float"/></accessor></technique_common></source><source id="jnt_right_legroll-Matrix-animation-output-transform"><float_array id="jnt_right_legroll-Matrix-animation-output-transform-array" count="208">

1.000000 -0.000001 0.000000 0.384000 0.000001 0.994658 -0.103221 0.000000 -0.000000 0.103221 0.994658 0.000000 0.000000 0.000000 0.000000 1.000000
1.000000 -0.000001 0.000000 0.384000 0.000001 0.994658 -0.103221 0.000000 -0.000000 0.103221 0.994659 -0.000000 0.000000 0.000000 0.000000 1.000000
1.000000 -0.000001 0.000000 0.384000 0.000001 0.994658 -0.103221 0.000000 0.000000 0.103221 0.994658 -0.000000 0.000000 0.000000 0.000000 1.000000
1.000000 -0.000000 0.000000 0.384000 -0.000000 0.994658 -0.103221 0.000000 0.000000 0.103221 0.994658 0.000000 0.000000 0.000000 0.000000 1.000000
1.000000 0.000000 -0.000000 0.384000 0.000000 0.994658 -0.103221 -0.000000 0.000000 0.103221 0.994658 0.000000 0.000000 0.000000 0.000000 1.000000
1.000000 -0.000000 0.000000 0.384000 -0.000000 0.994658 -0.103221 0.000000 -0.000000 0.103221 0.994658 0.000000 0.000000 0.000000 0.000000 1.000000
1.000000 0.000000 0.000000 0.384000 0.000000 0.994659 -0.103221 0.000000 -0.000000 0.103221 0.994658 0.000000 0.000000 0.000000 0.000000 1.000000
1.000000 0.000000 -0.000000 0.384000 0.000000 0.994659 -0.103221 0.000000 0.000000 0.103221 0.994659 0.000000 0.000000 0.000000 0.000000 1.000000
1.000000 0.000000 0.000000 0.384000 -0.000000 0.994659 -0.103221 0.000000 0.000000 0.103221 0.994658 0.000000 0.000000 0.000000 0.000000 1.000000
1.000000 0.000000 -0.000000 0.384000 0.000000 0.994658 -0.103221 0.000000 0.000000 0.103221 0.994658 0.000000 0.000000 0.000000 0.000000 1.000000
1.000000 0.000000 -0.000000 0.384000 0.000000 0.994658 -0.103221 0.000000 0.000000 0.103221 0.994659 0.000000 0.000000 0.000000 0.000000 1.000000
1.000000 0.000000 0.000000 0.384000 -0.000000 0.994658 -0.103221 0.000000 -0.000000 0.103221 0.994658 0.000000 0.000000 0.000000 0.000000 1.000000
1.000000 0.000000 0.000000 0.384000 -0.000000 0.994658 -0.103221 0.000000 -0.000000 0.103221 0.994658 0.000000 0.000000 0.000000 0.000000 1.000000</float_array><technique_common><accessor source="#jnt_right_legroll-Matrix-animation-output-transform-array" count="13" stride="16"><param type="float4x4"/></accessor></technique_common></source><source id="jnt_right_legroll-Interpolations"><Name_array id="jnt_right_legroll-Interpolations-array" count="13">
 LINEAR LINEAR LINEAR LINEAR LINEAR LINEAR LINEAR LINEAR LINEAR LINEAR LINEAR
LINEAR LINEAR</Name_array><technique_common><accessor source="#jnt_right_legroll-Interpolations-array" count="13"><param type="name"/></accessor></technique_common></source><sampler id="jnt_right_legroll-Matrix-animation-transform"><input semantic="INPUT" source="#jnt_right_legroll-Matrix-animation-input"/><input semantic="OUTPUT" source="#jnt_right_legroll-Matrix-animation-output-transform"/><input semantic="INTERPOLATION" source="#jnt_right_legroll-Interpolations"/></sampler><channel source="#jnt_right_legroll-Matrix-animation-transform" target="jnt_right_legroll/matrix"/></animation></animation>
    <animation id="jnt_right_foot-anim" name="jnt_right_foot"><animation><source id="jnt_right_foot-Matrix-animation-input"><float_array id="jnt_right_foot-Matrix-animation-input-array" count="13">

0.000000 0.033333 0.066667 0.100000 0.133333 0.166667 0.200000 0.233333 0.266667 0.300000 0.333333 0.366667 0.400000</float_array><technique_common><accessor source="#jnt_right_foot-Matrix-animation-input-array" count="13"><param name="TIME" type="float"/></accessor></technique_common></source><source id="jnt_right_foot-Matrix-animation-output-transform"><float_array id="jnt_right_foot-Matrix-animation-output-transform-array" count="208">

-0.314724 -0.924448 0.215280 0.768145 0.940022 -0.335000 -0.064300 0.000000 0.131561 0.182131 0.974433 0.000000 0.000000 0.000000 0.000000 1.000000
-0.314723 -0.924448 0.215280 0.768145 0.940022 -0.334999 -0.064300 0.000000 0.131561 0.182131 0.974433 0.000000 0.000000 0.000000 0.000000 1.000000
-0.314724 -0.924448 0.215280 0.768145 0.940022 -0.335000 -0.064300 0.000001 0.131561 0.182131 0.974433 0.000000 0.000000 0.000000 0.000000 1.000000
-0.314723 -0.924448 0.215280 0.768144 0.940022 -0.334999 -0.064300 0.000000 0.131561 0.182131 0.974433 0.000000 0.000000 0.000000 0.000000 1.000000
-0.314723 -0.924448 0.215280 0.768145 0.940022 -0.334999 -0.064301 0.000000 0.131561 0.182131 0.974433 0.000000 0.000000 0.000000 0.000000 1.000000
-0.314723 -0.924448 0.215280 0.768145 0.940022 -0.334999 -0.064301 0.000000 0.131561 0.182131 0.974433 0.000000 0.000000 0.000000 0.000000 1.000000
-0.314723 -0.924448 0.215280 0.768145 0.940022 -0.334999 -0.064301 0.000000 0.131561 0.182131 0.974433 0.000000 0.000000 0.000000 0.000000 1.000000
-0.314723 -0.924448 0.215280 0.768145 0.940022 -0.334999 -0.064301 0.000000 0.131561 0.182131 0.974433 0.000000 0.000000 0.000000 0.000000 1.000000
-0.314722 -0.924448 0.215280 0.768145 0.940022 -0.334998 -0.064301 0.000000 0.131561 0.182131 0.974433 0.000000 0.000000 0.000000 0.000000 1.000000
-0.314722 -0.924448 0.215280 0.768145 0.940022 -0.334998 -0.064301 -0.000000 0.131561 0.182131 0.974433 0.000000 0.000000 0.000000 0.000000 1.000000
-0.314722 -0.924448 0.215280 0.768145 0.940022 -0.334998 -0.064301 -0.000000 0.131561 0.182131 0.974433 -0.000000 0.000000 0.000000 0.000000 1.000000
-0.314722 -0.924448 0.215280 0.768145 0.940022 -0.334998 -0.064301 -0.000000 0.131561 0.182131 0.974433 0.000000 0.000000 0.000000 0.000000 1.000000
-0.314722 -0.924448 0.215281 0.768145 0.940022 -0.334998 -0.064301 -0.000000 0.131561 0.182132 0.974433 -0.000000 0.000000 0.000000 0.000000 1.000000</float_array><technique_common><accessor source="#jnt_right_foot-Matrix-animation-output-transform-array" count="13" stride="16"><param type="float4x4"/></accessor></technique_common></source><source id="jnt_right_foot-Interpolations"><Name_array id="jnt_right_foot-Interpolations-array" count="13">
 LINEAR LINEAR LINEAR LINEAR LINEAR LINEAR LINEAR LINEAR LINEAR LINEAR LINEAR
LINEAR LINEAR</Name_array><technique_common><accessor source="#jnt_right_foot-Interpolations-array" count="13"><param type="name"/></accessor></technique_common></source><sampler id="jnt_right_foot-Matrix-animation-transform"><input semantic="INPUT" source="#jnt_right_foot-Matrix-animation-input"/><input semantic="OUTPUT" source="#jnt_right_foot-Matrix-animation-output-transform"/><input semantic="INTERPOLATION" source="#jnt_right_foot-Interpolations"/></sampler><channel source="#jnt_right_foot-Matrix-animation-transform" target="jnt_right_foot/matrix"/></animation></animation>
    <animation id="jnt_right_toebase-anim" name="jnt_right_toebase"><animation><source id="jnt_right_toebase-Matrix-animation-input"><float_array id="jnt_right_toebase-Matrix-animation-input-array" count="13">

0.000000 0.033333 0.066667 0.100000 0.133333 0.166667 0.200000 0.233333 0.266667 0.300000 0.333333 0.366667 0.400000</float_array><technique_common><accessor source="#jnt_right_toebase-Matrix-animation-input-array" count="13"><param name="TIME" type="float"/></accessor></technique_common></source><source id="jnt_right_toebase-Matrix-animation-output-transform"><float_array id="jnt_right_toebase-Matrix-animation-output-transform-array" count="208">

0.918936 -0.394407 0.000000 0.441847 0.394407 0.918936 -0.000000 -0.000000 0.000000 0.000000 1.000000 -0.000000 0.000000 0.000000 0.000000 1.000000
0.918936 -0.394407 0.000000 0.441847 0.394407 0.918936 -0.000000 -0.000000 0.000000 0.000000 1.000000 0.000000 0.000000 0.000000 0.000000 1.000000
0.918936 -0.394407 0.000000 0.441847 0.394407 0.918936 0.000000 0.000000 0.000000 -0.000000 1.000000 0.000000 0.000000 0.000000 0.000000 1.000000
0.918936 -0.394407 0.000000 0.441847 0.394407 0.918936 0.000000 -0.000000 -0.000000 -0.000000 1.000000 -0.000000 0.000000 0.000000 0.000000 1.000000
0.918936 -0.394407 0.000000 0.441847 0.394407 0.918936 -0.000000 -0.000000 -0.000000 0.000000 1.000000 -0.000000 0.000000 0.000000 0.000000 1.000000
0.918936 -0.394407 0.000000 0.441847 0.394407 0.918936 0.000000 -0.000000 -0.000000 -0.000000 1.000000 0.000000 0.000000 0.000000 0.000000 1.000000
0.918936 -0.394407 -0.000000 0.441847 0.394407 0.918936 -0.000000 -0.000000 -0.000000 -0.000000 1.000000 -0.000000 0.000000 0.000000 0.000000 1.000000
0.918936 -0.394407 0.000000 0.441847 0.394407 0.918936 0.000000 -0.000000 -0.000000 0.000000 1.000000 0.000000 0.000000 0.000000 0.000000 1.000000
0.918936 -0.394407 0.000000 0.441847 0.394407 0.918936 0.000000 -0.000000 -0.000000 -0.000000 1.000000 0.000000 0.000000 0.000000 0.000000 1.000000
0.918936 -0.394407 0.000000 0.441847 0.394407 0.918936 0.000000 0.000000 -0.000000 0.000000 1.000000 0.000000 0.000000 0.000000 0.000000 1.000000
0.918936 -0.394407 0.000000 0.441847 0.394407 0.918936 0.000000 -0.000000 0.000000 0.000000 1.000000 0.000000 0.000000 0.000000 0.000000 1.000000
0.918936 -0.394407 -0.000000 0.441847 0.394407 0.918936 0.000000 -0.000000 0.000000 0.000000 1.000000 -0.000000 0.000000 0.000000 0.000000 1.000000
0.918936 -0.394407 0.000000 0.441847 0.394407 0.918936 0.000000 0.000000 0.000000 -0.000000 1.000000 -0.000000 0.000000 0.000000 0.000000 1.000000</float_array><technique_common><accessor source="#jnt_right_toebase-Matrix-animation-output-transform-array" count="13" stride="16"><param type="float4x4"/></accessor></technique_common></source><source id="jnt_right_toebase-Interpolations"><Name_array id="jnt_right_toebase-Interpolations-array" count="13">
 LINEAR LINEAR LINEAR LINEAR LINEAR LINEAR LINEAR LINEAR LINEAR LINEAR LINEAR
LINEAR LINEAR</Name_array><technique_common><accessor source="#jnt_right_toebase-Interpolations-array" count="13"><param type="name"/></accessor></technique_common></source><sampler id="jnt_right_toebase-Matrix-animation-transform"><input semantic="INPUT" source="#jnt_right_toebase-Matrix-animation-input"/><input semantic="OUTPUT" source="#jnt_right_toebase-Matrix-animation-output-transform"/><input semantic="INTERPOLATION" source="#jnt_right_toebase-Interpolations"/></sampler><channel source="#jnt_right_toebase-Matrix-animation-transform" target="jnt_right_toebase/matrix"/></animation></animation>
    <animation id="jnt_right_toeend-anim" name="jnt_right_toeend"><animation><source id="jnt_right_toeend-Matrix-animation-input"><float_array id="jnt_right_toeend-Matrix-animation-input-array" count="13">

0.000000 0.033333 0.066667 0.100000 0.133333 0.166667 0.200000 0.233333 0.266667 0.300000 0.333333 0.366667 0.400000</float_array><technique_common><accessor source="#jnt_right_toeend-Matrix-animation-input-array" count="13"><param name="TIME" type="float"/></accessor></technique_common></source><source id="jnt_right_toeend-Matrix-animation-output-transform"><float_array id="jnt_right_toeend-Matrix-animation-output-transform-array" count="208">

1.000000 0.000000 -0.000000 0.379397 0.000000 1.000000 0.000000 0.000000 0.000000 0.000000 1.000000 -0.000000 0.000000 0.000000 0.000000 1.000000
1.000000 0.000000 -0.000000 0.379397 -0.000000 1.000000 0.000000 0.000000 -0.000000 -0.000000 1.000000 -0.000000 0.000000 0.000000 0.000000 1.000000
1.000000 -0.000000 0.000000 0.379397 0.000000 1.000000 -0.000000 0.000000 0.000000 0.000000 1.000000 -0.000000 0.000000 0.000000 0.000000 1.000000
1.000000 0.000000 0.000000 0.379397 0.000000 1.000000 0.000000 0.000000 -0.000000 0.000000 1.000000 0.000000 0.000000 0.000000 0.000000 1.000000
1.000000 -0.000000 0.000000 0.379397 0.000000 1.000000 0.000000 0.000000 0.000000 0.000000 1.000000 -0.000000 0.000000 0.000000 0.000000 1.000000
1.000000 -0.000000 0.000000 0.379397 -0.000000 1.000000 0.000000 0.000000 0.000000 -0.000000 1.000000 0.000000 0.000000 0.000000 0.000000 1.000000
1.000000 0.000000 0.000000 0.379397 0.000000 1.000000 -0.000000 0.000000 -0.000000 -0.000000 1.000000 -0.000000 0.000000 0.000000 0.000000 1.000000
1.000000 0.000000 0.000000 0.379397 -0.000000 1.000000 -0.000000 0.000000 -0.000000 0.000000 1.000000 0.000000 0.000000 0.000000 0.000000 1.000000
1.000000 0.000000 -0.000000 0.379397 0.000000 1.000000 0.000000 0.000000 -0.000000 -0.000000 1.000000 0.000000 0.000000 0.000000 0.000000 1.000000
1.000000 0.000000 0.000000 0.379397 0.000000 1.000000 0.000000 0.000000 0.000000 0.000000 1.000000 -0.000000 0.000000 0.000000 0.000000 1.000000
1.000000 -0.000000 0.000000 0.379397 0.000000 1.000000 0.000000 0.000000 -0.000000 0.000000 1.000000 -0.000000 0.000000 0.000000 0.000000 1.000000
1.000000 0.000000 0.000000 0.379397 -0.000000 1.000000 -0.000000 0.000000 0.000000 -0.000000 1.000000 -0.000000 0.000000 0.000000 0.000000 1.000000
1.000000 -0.000000 0.000000 0.379397 0.000000 1.000000 -0.000000 0.000000 0.000000 0.000000 1.000000 -0.000000 0.000000 0.000000 0.000000 1.000000</float_array><technique_common><accessor source="#jnt_right_toeend-Matrix-animation-output-transform-array" count="13" stride="16"><param type="float4x4"/></accessor></technique_common></source><source id="jnt_right_toeend-Interpolations"><Name_array id="jnt_right_toeend-Interpolations-array" count="13">
 LINEAR LINEAR LINEAR LINEAR LINEAR LINEAR LINEAR LINEAR LINEAR LINEAR LINEAR
LINEAR LINEAR</Name_array><technique_common><accessor source="#jnt_right_toeend-Interpolations-array" count="13"><param type="name"/></accessor></technique_common></source><sampler id="jnt_right_toeend-Matrix-animation-transform"><input semantic="INPUT" source="#jnt_right_toeend-Matrix-animation-input"/><input semantic="OUTPUT" source="#jnt_right_toeend-Matrix-animation-output-transform"/><input semantic="INTERPOLATION" source="#jnt_right_toeend-Interpolations"/></sampler><channel source="#jnt_right_toeend-Matrix-animation-transform" target="jnt_right_toeend/matrix"/></animation></animation>
    <animation id="jnt_left_upleg-anim" name="jnt_left_upleg"><animation><source id="jnt_left_upleg-Matrix-animation-input"><float_array id="jnt_left_upleg-Matrix-animation-input-array" count="13">

0.000000 0.033333 0.066667 0.100000 0.133333 0.166667 0.200000 0.233333 0.266667 0.300000 0.333333 0.366667 0.400000</float_array><technique_common><accessor source="#jnt_left_upleg-Matrix-animation-input-array" count="13"><param name="TIME" type="float"/></accessor></technique_common></source><source id="jnt_left_upleg-Matrix-animation-output-transform"><float_array id="jnt_left_upleg-Matrix-animation-output-transform-array" count="208">

0.199810 -0.027935 -0.979436 0.446779 -0.879461 0.435599 -0.191839 -0.111213 0.432001 0.899707 0.062469 0.043020 0.000000 0.000000 0.000000 1.000000
0.199810 -0.027935 -0.979436 0.446779 -0.879461 0.435599 -0.191839 -0.111213 0.432001 0.899707 0.062469 0.043020 0.000000 0.000000 0.000000 1.000000
0.199810 -0.027935 -0.979436 0.446779 -0.879461 0.435599 -0.191839 -0.111213 0.432000 0.899707 0.062469 0.043020 0.000000 0.000000 0.000000 1.000000
0.199810 -0.027935 -0.979436 0.446779 -0.879461 0.435599 -0.191839 -0.111213 0.432001 0.899707 0.062469 0.043020 0.000000 0.000000 0.000000 1.000000
0.199811 -0.027935 -0.979436 0.446779 -0.879460 0.435600 -0.191839 -0.111213 0.432001 0.899707 0.062469 0.043020 0.000000 0.000000 0.000000 1.000000
0.199810 -0.027936 -0.979436 0.446779 -0.879460 0.435600 -0.191839 -0.111213 0.432002 0.899707 0.062469 0.043020 0.000000 0.000000 0.000000 1.000000
0.199811 -0.027936 -0.979436 0.446779 -0.879461 0.435600 -0.191839 -0.111213 0.432001 0.899707 0.062469 0.043020 0.000000 0.000000 0.000000 1.000000
0.199810 -0.027936 -0.979436 0.446779 -0.879460 0.435601 -0.191839 -0.111213 0.432002 0.899707 0.062469 0.043020 0.000000 0.000000 0.000000 1.000000
0.199810 -0.027936 -0.979436 0.446779 -0.879460 0.435601 -0.191839 -0.111213 0.432003 0.899706 0.062469 0.043020 0.000000 0.000000 0.000000 1.000000
0.199810 -0.027936 -0.979436 0.446779 -0.879460 0.435602 -0.191839 -0.111213 0.432003 0.899706 0.062469 0.043020 0.000000 0.000000 0.000000 1.000000
0.199810 -0.027936 -0.979436 0.446779 -0.879459 0.435602 -0.191838 -0.111213 0.432004 0.899706 0.062469 0.043020 0.000000 0.000000 0.000000 1.000000
0.199810 -0.027936 -0.979437 0.446779 -0.879459 0.435603 -0.191839 -0.111213 0.432004 0.899706 0.062469 0.043020 0.000000 0.000000 0.000000 1.000000
0.199810 -0.027936 -0.979436 0.446779 -0.879459 0.435603 -0.191839 -0.111213 0.432004 0.899706 0.062469 0.043020 0.000000 0.000000 0.000000 1.000000</float_array><technique_common><accessor source="#jnt_left_upleg-Matrix-animation-output-transform-array" count="13" stride="16"><param type="float4x4"/></accessor></technique_common></source><source id="jnt_left_upleg-Interpolations"><Name_array id="jnt_left_upleg-Interpolations-array" count="13">
 LINEAR LINEAR LINEAR LINEAR LINEAR LINEAR LINEAR LINEAR LINEAR LINEAR LINEAR
LINEAR LINEAR</Name_array><technique_common><accessor source="#jnt_left_upleg-Interpolations-array" count="13"><param type="name"/></accessor></technique_common></source><sampler id="jnt_left_upleg-Matrix-animation-transform"><input semantic="INPUT" source="#jnt_left_upleg-Matrix-animation-input"/><input semantic="OUTPUT" source="#jnt_left_upleg-Matrix-animation-output-transform"/><input semantic="INTERPOLATION" source="#jnt_left_upleg-Interpolations"/></sampler><channel source="#jnt_left_upleg-Matrix-animation-transform" target="jnt_left_upleg/matrix"/></animation></animation>
    <animation id="jnt_left_uplegroll-anim" name="jnt_left_uplegroll"><animation><source id="jnt_left_uplegroll-Matrix-animation-input"><float_array id="jnt_left_uplegroll-Matrix-animation-input-array" count="13">

0.000000 0.033333 0.066667 0.100000 0.133333 0.166667 0.200000 0.233333 0.266667 0.300000 0.333333 0.366667 0.400000</float_array><technique_common><accessor source="#jnt_left_uplegroll-Matrix-animation-input-array" count="13"><param name="TIME" type="float"/></accessor></technique_common></source><source id="jnt_left_uplegroll-Matrix-animation-output-transform"><float_array id="jnt_left_uplegroll-Matrix-animation-output-transform-array" count="208">

1.000000 0.000000 0.000000 0.430000 0.000000 1.000000 0.000000 0.000000 0.000000 -0.000000 1.000000 0.000000 0.000000 0.000000 0.000000 1.000000
1.000000 0.000000 -0.000000 0.430000 0.000000 1.000000 0.000000 0.000000 -0.000000 0.000000 1.000000 -0.000000 0.000000 0.000000 0.000000 1.000000
1.000000 -0.000000 0.000000 0.430000 0.000000 1.000000 -0.000000 0.000000 0.000000 -0.000000 1.000000 -0.000000 0.000000 0.000000 0.000000 1.000000
1.000000 0.000000 -0.000000 0.430000 0.000000 1.000000 -0.000000 0.000000 -0.000000 0.000000 1.000000 -0.000000 0.000000 0.000000 0.000000 1.000000
1.000000 0.000000 0.000000 0.430000 0.000000 1.000000 -0.000000 -0.000000 -0.000000 -0.000000 1.000000 0.000000 0.000000 0.000000 0.000000 1.000000
1.000000 0.000000 -0.000000 0.430001 0.000000 1.000000 0.000000 0.000000 -0.000000 0.000000 1.000000 0.000000 0.000000 0.000000 0.000000 1.000000
1.000000 -0.000000 0.000000 0.430000 -0.000000 1.000000 -0.000000 0.000000 -0.000000 0.000000 1.000000 0.000000 0.000000 0.000000 0.000000 1.000000
1.000000 -0.000000 0.000000 0.430000 -0.000000 1.000000 -0.000000 0.000000 -0.000000 0.000000 1.000000 0.000000 0.000000 0.000000 0.000000 1.000000
1.000000 0.000000 0.000000 0.430000 -0.000000 1.000000 -0.000000 0.000000 -0.000000 0.000000 1.000000 0.000000 0.000000 0.000000 0.000000 1.000000
1.000000 0.000000 -0.000000 0.430000 0.000000 1.000000 0.000000 0.000000 0.000000 0.000000 1.000000 0.000000 0.000000 0.000000 0.000000 1.000000
1.000000 0.000000 0.000000 0.430000 0.000000 1.000000 0.000000 -0.000000 0.000000 0.000000 1.000000 -0.000000 0.000000 0.000000 0.000000 1.000000
1.000000 -0.000000 -0.000000 0.430000 -0.000000 1.000000 -0.000000 0.000000 -0.000000 0.000000 1.000000 0.000000 0.000000 0.000000 0.000000 1.000000
1.000000 0.000000 0.000000 0.430000 -0.000000 1.000000 -0.000000 -0.000000 0.000000 0.000000 1.000000 0.000000 0.000000 0.000000 0.000000 1.000000</float_array><technique_common><accessor source="#jnt_left_uplegroll-Matrix-animation-output-transform-array" count="13" stride="16"><param type="float4x4"/></accessor></technique_common></source><source id="jnt_left_uplegroll-Interpolations"><Name_array id="jnt_left_uplegroll-Interpolations-array" count="13">
 LINEAR LINEAR LINEAR LINEAR LINEAR LINEAR LINEAR LINEAR LINEAR LINEAR LINEAR
LINEAR LINEAR</Name_array><technique_common><accessor source="#jnt_left_uplegroll-Interpolations-array" count="13"><param type="name"/></accessor></technique_common></source><sampler id="jnt_left_uplegroll-Matrix-animation-transform"><input semantic="INPUT" source="#jnt_left_uplegroll-Matrix-animation-input"/><input semantic="OUTPUT" source="#jnt_left_uplegroll-Matrix-animation-output-transform"/><input semantic="INTERPOLATION" source="#jnt_left_uplegroll-Interpolations"/></sampler><channel source="#jnt_left_uplegroll-Matrix-animation-transform" target="jnt_left_uplegroll/matrix"/></animation></animation>
    <animation id="jnt_left_leg-anim" name="jnt_left_leg"><animation><source id="jnt_left_leg-Matrix-animation-input"><float_array id="jnt_left_leg-Matrix-animation-input-array" count="13">

0.000000 0.033333 0.066667 0.100000 0.133333 0.166667 0.200000 0.233333 0.266667 0.300000 0.333333 0.366667 0.400000</float_array><technique_common><accessor source="#jnt_left_leg-Matrix-animation-input-array" count="13"><param name="TIME" type="float"/></accessor></technique_common></source><source id="jnt_left_leg-Matrix-animation-output-transform"><float_array id="jnt_left_leg-Matrix-animation-output-transform-array" count="208">

0.283630 0.946152 -0.156045 0.860328 -0.957688 0.271194 -0.096370 0.000000 -0.048862 0.176776 0.983037 0.000001 0.000000 0.000000 0.000000 1.000000
0.283631 0.946152 -0.156045 0.860328 -0.957688 0.271195 -0.096370 0.000000 -0.048862 0.176776 0.983038 0.000001 0.000000 0.000000 0.000000 1.000000
0.283631 0.946152 -0.156045 0.860328 -0.957688 0.271195 -0.096370 0.000000 -0.048862 0.176776 0.983037 0.000001 0.000000 0.000000 0.000000 1.000000
0.283630 0.946152 -0.156045 0.860328 -0.957688 0.271194 -0.096370 0.000000 -0.048862 0.176776 0.983037 0.000001 0.000000 0.000000 0.000000 1.000000
0.283630 0.946152 -0.156046 0.860328 -0.957688 0.271194 -0.096370 0.000000 -0.048862 0.176776 0.983038 0.000001 0.000000 0.000000 0.000000 1.000000
0.283628 0.946153 -0.156045 0.860328 -0.957689 0.271193 -0.096370 0.000000 -0.048862 0.176776 0.983038 0.000001 0.000000 0.000000 0.000000 1.000000
0.283629 0.946152 -0.156046 0.860328 -0.957688 0.271193 -0.096370 0.000000 -0.048862 0.176776 0.983037 0.000001 0.000000 0.000000 0.000000 1.000000
0.283627 0.946153 -0.156046 0.860328 -0.957689 0.271192 -0.096370 0.000000 -0.048862 0.176776 0.983037 0.000001 0.000000 0.000000 0.000000 1.000000
0.283627 0.946153 -0.156046 0.860328 -0.957689 0.271192 -0.096370 0.000000 -0.048862 0.176776 0.983037 0.000001 0.000000 0.000000 0.000000 1.000000
0.283627 0.946153 -0.156046 0.860328 -0.957689 0.271191 -0.096370 0.000000 -0.048862 0.176776 0.983038 0.000001 0.000000 0.000000 0.000000 1.000000
0.283625 0.946154 -0.156046 0.860329 -0.957690 0.271189 -0.096370 0.000000 -0.048862 0.176776 0.983038 0.000001 0.000000 0.000000 0.000000 1.000000
0.283625 0.946153 -0.156046 0.860328 -0.957689 0.271189 -0.096370 0.000000 -0.048862 0.176776 0.983037 0.000001 0.000000 0.000000 0.000000 1.000000
0.283625 0.946154 -0.156046 0.860329 -0.957690 0.271189 -0.096369 -0.000000 -0.048862 0.176776 0.983037 0.000001 0.000000 0.000000 0.000000 1.000000</float_array><technique_common><accessor source="#jnt_left_leg-Matrix-animation-output-transform-array" count="13" stride="16"><param type="float4x4"/></accessor></technique_common></source><source id="jnt_left_leg-Interpolations"><Name_array id="jnt_left_leg-Interpolations-array" count="13">
 LINEAR LINEAR LINEAR LINEAR LINEAR LINEAR LINEAR LINEAR LINEAR LINEAR LINEAR
LINEAR LINEAR</Name_array><technique_common><accessor source="#jnt_left_leg-Interpolations-array" count="13"><param type="name"/></accessor></technique_common></source><sampler id="jnt_left_leg-Matrix-animation-transform"><input semantic="INPUT" source="#jnt_left_leg-Matrix-animation-input"/><input semantic="OUTPUT" source="#jnt_left_leg-Matrix-animation-output-transform"/><input semantic="INTERPOLATION" source="#jnt_left_leg-Interpolations"/></sampler><channel source="#jnt_left_leg-Matrix-animation-transform" target="jnt_left_leg/matrix"/></animation></animation>
    <animation id="jnt_left_legroll-anim" name="jnt_left_legroll"><animation><source id="jnt_left_legroll-Matrix-animation-input"><float_array id="jnt_left_legroll-Matrix-animation-input-array" count="13">

