<?xml version="1.0" encoding="utf-8"?>
<COLLADA xmlns="http://www.collada.org/2005/11/COLLADASchema" version="1.4.1">
  <asset><contributor><author></author><authoring_tool>FBX COLLADA exporter</authoring_tool><comments></comments></contributor><created>2018-03-26T10:09:31Z</created><keywords></keywords><modified>2018-03-26T10:09:31Z</modified><revision></revision><subject></subject><title></title><unit meter="0.010000" name="centimeter"></unit><up_axis>Y_UP</up_axis></asset>
  <library_animations>
    <animation id="jnt_hips-anim" name="jnt_hips"><animation><source id="jnt_hips-Matrix-animation-input"><float_array id="jnt_hips-Matrix-animation-input-array" count="21">

0.000000 0.033333 0.066667 0.100000 0.133333 0.166667 0.200000 0.233333 0.266667 0.300000 0.333333 0.366667 0.400000 0.433333 0.466667 0.500000
0.533333 0.566667 0.600000 0.633333 0.666667</float_array><technique_common><accessor source="#jnt_hips-Matrix-animation-input-array" count="21"><param name="TIME" type="float"/></accessor></technique_common></source><source id="jnt_hips-Matrix-animation-output-transform"><float_array id="jnt_hips-Matrix-animation-output-transform-array" count="336">

0.961463 0.055178 -0.269342 -0.011449 -0.002571 0.981416 0.191875 2.028563 0.274924 -0.183788 0.943737 -0.270758 0.000000 0.000000 0.000000 1.000000
0.958204 0.034741 -0.283969 -0.004610 -0.003188 0.993834 0.110829 1.789180 0.286069 -0.105291 0.952407 -0.296686 0.000000 0.000000 0.000000 1.000000
0.953553 0.004820 -0.301188 0.008556 -0.005619 0.999983 -0.001787 1.341102 0.301174 0.003396 0.953563 -0.353802 0.000000 0.000000 0.000000 1.000000
0.950078 -0.018033 -0.311491 0.014940 -0.008766 0.996392 -0.084421 1.100008 0.311889 0.082937 0.946492 -0.398124 0.000000 0.000000 0.000000 1.000000
0.950039 -0.023586 -0.311237 0.012026 -0.010021 0.994322 -0.105941 1.115016 0.311969 0.103767 0.944409 -0.417550 0.000000 0.000000 0.000000 1.000000
0.951438 -0.022983 -0.306980 0.006307 -0.010508 0.994203 -0.107003 1.151840 0.307660 0.105033 0.945682 -0.428782 0.000000 0.000000 0.000000 1.000000
0.952147 -0.019843 -0.304994 -0.000465 -0.010814 0.995078 -0.098502 1.201619 0.305448 0.097087 0.947246 -0.435617 0.000000 0.000000 0.000000 1.000000
0.950075 -0.017677 -0.311521 -0.006527 -0.011412 0.995757 -0.091307 1.255465 0.311813 0.090303 0.945842 -0.441839 0.000000 0.000000 0.000000 1.000000
0.944056 -0.017090 -0.329342 -0.012490 -0.012436 0.996101 -0.087337 1.314300 0.329551 0.086547 0.940163 -0.448476 0.000000 0.000000 0.000000 1.000000
0.934141 -0.016140 -0.356539 -0.019130 -0.013681 0.996623 -0.080960 1.381270 0.356642 0.080506 0.930766 -0.453975 0.000000 0.000000 0.000000 1.000000
0.922903 -0.014852 -0.384747 -0.025299 -0.014596 0.997188 -0.073506 1.450912 0.384757 0.073455 0.920091 -0.458180 0.000000 0.000000 0.000000 1.000000
0.913802 -0.013426 -0.405938 -0.029852 -0.014816 0.997686 -0.066349 1.517767 0.405889 0.066644 0.911489 -0.460981 0.000000 0.000000 0.000000 1.000000
0.910932 -0.012233 -0.412376 -0.031652 -0.014156 0.998045 -0.060877 1.576381 0.412314 0.061292 0.908978 -0.462299 0.000000 0.000000 0.000000 1.000000
0.913863 -0.011716 -0.405853 -0.031065 -0.013172 0.998202 -0.058474 1.632412 0.405809 0.058783 0.912066 -0.453245 0.000000 0.000000 0.000000 1.000000
0.919542 -0.011548 -0.392823 -0.027478 -0.012012 0.998275 -0.057466 1.682970 0.392809 0.057561 0.917817 -0.421797 0.000000 0.000000 0.000000 1.000000
0.927250 -0.011362 -0.374270 -0.021522 -0.010418 0.998370 -0.056118 1.740040 0.374298 0.055934 0.925620 -0.384422 0.000000 0.000000 0.000000 1.000000
0.935821 -0.011195 -0.352296 -0.014290 -0.008591 0.998474 -0.054547 1.798410 0.352370 0.054073 0.934298 -0.345044 0.000000 0.000000 0.000000 1.000000
0.944240 -0.011072 -0.329071 -0.006873 -0.006721 0.998578 -0.052885 1.852870 0.329189 0.052148 0.942823 -0.307595 0.000000 0.000000 0.000000 1.000000
0.951695 -0.011002 -0.306847 -0.000357 -0.004988 0.998672 -0.051278 1.898211 0.307004 0.050332 0.950376 -0.276013 0.000000 0.000000 0.000000 1.000000
0.957584 -0.010976 -0.287945 0.004178 -0.003554 0.998748 -0.049891 1.929223 0.288132 0.048798 0.956347 -0.254246 0.000000 0.000000 0.000000 1.000000
0.961460 -0.010974 -0.274724 0.005653 -0.002571 0.998800 -0.048898 1.940700 0.274931 0.047720 0.960279 -0.246250 0.000000 0.000000 0.000000 1.000000</float_array><technique_common><accessor source="#jnt_hips-Matrix-animation-output-transform-array" count="21" stride="16"><param type="float4x4"/></accessor></technique_common></source><source id="jnt_hips-Interpolations"><Name_array id="jnt_hips-Interpolations-array" count="21">
 LINEAR LINEAR LINEAR LINEAR LINEAR LINEAR LINEAR LINEAR LINEAR LINEAR LINEAR
LINEAR LINEAR LINEAR LINEAR LINEAR LINEAR LINEAR LINEAR LINEAR LINEAR</Name_array><technique_common><accessor source="#jnt_hips-Interpolations-array" count="21"><param type="name"/></accessor></technique_common></source><sampler id="jnt_hips-Matrix-animation-transform"><input semantic="INPUT" source="#jnt_hips-Matrix-animation-input"/><input semantic="OUTPUT" source="#jnt_hips-Matrix-animation-output-transform"/><input semantic="INTERPOLATION" source="#jnt_hips-Interpolations"/></sampler><channel source="#jnt_hips-Matrix-animation-transform" target="jnt_hips/matrix"/></animation></animation>
    <animation id="jnt_right_upleg-anim" name="jnt_right_upleg"><animation><source id="jnt_right_upleg-Matrix-animation-input"><float_array id="jnt_right_upleg-Matrix-animation-input-array" count="21">

0.000000 0.033333 0.066667 0.100000 0.133333 0.166667 0.200000 0.233333 0.266667 0.300000 0.333333 0.366667 0.400000 0.433333 0.466667 0.500000
0.533333 0.566667 0.600000 0.633333 0.666667</float_array><technique_common><accessor source="#jnt_right_upleg-Matrix-animation-input-array" count="21"><param name="TIME" type="float"/></accessor></technique_common></source><source id="jnt_right_upleg-Matrix-animation-output-transform"><float_array id="jnt_right_upleg-Matrix-animation-output-transform-array" count="336">

-0.424460 0.284495 -0.859591 -0.446780 -0.785687 0.356131 0.505833 -0.111214 0.450034 0.890075 0.072360 0.043020 0.000000 0.000000 0.000000 1.000000
-0.359385 0.248284 -0.899554 -0.446779 -0.753297 0.491780 0.436688 -0.111214 0.550805 0.834571 0.010293 0.043020 0.000000 0.000000 0.000000 1.000000
-0.224586 0.115012 -0.967643 -0.446780 -0.706182 0.665044 0.242948 -0.111214 0.671467 0.737895 -0.068140 0.043020 0.000000 0.000000 0.000000 1.000000
-0.117454 0.008538 -0.993042 -0.446779 -0.654121 0.751730 0.083831 -0.111214 0.747215 0.659415 -0.082709 0.043020 0.000000 0.000000 0.000000 1.000000
-0.100148 0.003152 -0.994968 -0.446780 -0.622831 0.779638 0.065161 -0.111214 0.775920 0.626222 -0.076116 0.043020 0.000000 0.000000 0.000000 1.000000
-0.091741 -0.013068 -0.995697 -0.446779 -0.623761 0.780186 0.047232 -0.111214 0.776212 0.625411 -0.079726 0.043020 0.000000 0.000000 0.000000 1.000000
-0.085334 -0.030184 -0.995895 -0.446780 -0.641536 0.766436 0.031741 -0.111214 0.762331 0.641612 -0.084767 0.043020 0.000000 0.000000 0.000000 1.000000
-0.075137 -0.040716 -0.996342 -0.446780 -0.658633 0.752226 0.018929 -0.111214 0.748703 0.657646 -0.083337 0.043020 0.000000 0.000000 0.000000 1.000000
-0.057999 -0.036449 -0.997651 -0.446779 -0.671958 0.740492 0.012010 -0.111214 0.738315 0.671076 -0.067440 0.043020 0.000000 0.000000 0.000000 1.000000
-0.038027 -0.017625 -0.999121 -0.446780 -0.690163 0.723528 0.013505 -0.111214 0.722654 0.690070 -0.039678 0.043020 0.000000 0.000000 0.000000 1.000000
-0.021325 0.007488 -0.999745 -0.446780 -0.714254 0.699587 0.020475 -0.111214 0.699562 0.714508 -0.009570 0.043020 0.000000 0.000000 0.000000 1.000000
-0.013249 0.029503 -0.999477 -0.446779 -0.742770 0.668893 0.029591 -0.111214 0.669416 0.742773 0.013052 0.043020 0.000000 0.000000 0.000000 1.000000
-0.017900 0.037699 -0.999129 -0.446780 -0.772505 0.633885 0.037758 -0.111214 0.634756 0.772508 0.017777 0.043020 0.000000 0.000000 0.000000 1.000000
-0.036136 0.028044 -0.998953 -0.446780 -0.807135 0.588594 0.045721 -0.111214 0.589260 0.807942 0.001366 0.043020 0.000000 0.000000 0.000000 1.000000
-0.066213 0.010584 -0.997749 -0.446780 -0.847144 0.527756 0.061817 -0.111214 0.527222 0.849330 -0.025978 0.043020 0.000000 0.000000 0.000000 1.000000
-0.098807 -0.016311 -0.994973 -0.446780 -0.889296 0.450113 0.080934 -0.111214 0.446530 0.892823 -0.058979 0.043020 0.000000 0.000000 0.000000 1.000000
-0.127691 -0.050202 -0.990543 -0.446779 -0.927639 0.359459 0.101364 -0.111214 0.350970 0.931810 -0.092469 0.043020 0.000000 0.000000 0.000000 1.000000
-0.148304 -0.087217 -0.985088 -0.446780 -0.957779 0.260754 0.121106 -0.111214 0.246303 0.961458 -0.122205 0.043020 0.000000 0.000000 0.000000 1.000000
-0.158420 -0.122439 -0.979751 -0.446780 -0.977192 0.161565 0.137815 -0.111214 0.141419 0.979237 -0.145242 0.043020 0.000000 0.000000 0.000000 1.000000
-0.159036 -0.149907 -0.975825 -0.446779 -0.985895 0.076322 0.148952 -0.111214 0.052148 0.985750 -0.159931 0.043020 0.000000 0.000000 0.000000 1.000000
-0.156108 -0.161848 -0.974390 -0.446780 -0.987699 0.034555 0.152500 -0.111214 0.008988 0.986210 -0.165252 0.043020 0.000000 0.000000 0.000000 1.000000</float_array><technique_common><accessor source="#jnt_right_upleg-Matrix-animation-output-transform-array" count="21" stride="16"><param type="float4x4"/></accessor></technique_common></source><source id="jnt_right_upleg-Interpolations"><Name_array id="jnt_right_upleg-Interpolations-array" count="21">
 LINEAR LINEAR LINEAR LINEAR LINEAR LINEAR LINEAR LINEAR LINEAR LINEAR LINEAR
LINEAR LINEAR LINEAR LINEAR LINEAR LINEAR LINEAR LINEAR LINEAR LINEAR</Name_array><technique_common><accessor source="#jnt_right_upleg-Interpolations-array" count="21"><param type="name"/></accessor></technique_common></source><sampler id="jnt_right_upleg-Matrix-animation-transform"><input semantic="INPUT" source="#jnt_right_upleg-Matrix-animation-input"/><input semantic="OUTPUT" source="#jnt_right_upleg-Matrix-animation-output-transform"/><input semantic="INTERPOLATION" source="#jnt_right_upleg-Interpolations"/></sampler><channel source="#jnt_right_upleg-Matrix-animation-transform" target="jnt_right_upleg/matrix"/></animation></animation>
    <animation id="jnt_right_uplegroll-anim" name="jnt_right_uplegroll"><animation><source id="jnt_right_uplegroll-Matrix-animation-input"><float_array id="jnt_right_uplegroll-Matrix-animation-input-array" count="21">

0.000000 0.033333 0.066667 0.100000 0.133333 0.166667 0.200000 0.233333 0.266667 0.300000 0.333333 0.366667 0.400000 0.433333 0.466667 0.500000
0.533333 0.566667 0.600000 0.633333 0.666667</float_array><technique_common><accessor source="#jnt_right_uplegroll-Matrix-animation-input-array" count="21"><param name="TIME" type="float"/></accessor></technique_common></source><source id="jnt_right_uplegroll-Matrix-animation-output-transform"><float_array id="jnt_right_uplegroll-Matrix-animation-output-transform-array" count="336">

1.000000 0.000000 -0.000000 0.430000 -0.000000 1.000000 0.000000 0.000000 -0.000000 -0.000000 1.000000 0.000000 0.000000 0.000000 0.000000 1.000000
1.000000 -0.000000 0.000000 0.430000 -0.000000 1.000000 0.000000 0.000000 0.000000 0.000000 1.000000 0.000000 0.000000 0.000000 0.000000 1.000000
1.000000 0.000000 0.000000 0.430000 0.000000 1.000000 0.000000 0.000000 -0.000000 0.000000 1.000000 0.000000 0.000000 0.000000 0.000000 1.000000
1.000000 -0.000000 0.000000 0.430000 -0.000000 1.000000 0.000000 0.000000 0.000000 0.000000 1.000000 0.000000 0.000000 0.000000 0.000000 1.000000
1.000000 0.000000 0.000000 0.430000 -0.000000 1.000000 0.000000 0.000000 0.000000 -0.000000 1.000000 0.000000 0.000000 0.000000 0.000000 1.000000
1.000000 0.000000 0.000000 0.430000 0.000000 1.000000 0.000000 0.000000 0.000000 0.000000 1.000000 0.000000 0.000000 0.000000 0.000000 1.000000
1.000000 -0.000000 0.000000 0.430000 -0.000000 1.000000 0.000000 0.000000 0.000000 0.000000 1.000000 0.000000 0.000000 0.000000 0.000000 1.000000
1.000000 -0.000000 -0.000000 0.430000 -0.000000 1.000000 0.000000 -0.000000 0.000000 0.000000 1.000000 0.000000 0.000000 0.000000 0.000000 1.000000
1.000000 0.000000 0.000000 0.430000 0.000000 1.000000 0.000000 -0.000000 0.000000 0.000000 1.000000 0.000000 0.000000 0.000000 0.000000 1.000000
1.000000 0.000000 0.000000 0.430000 0.000000 1.000000 0.000000 -0.000000 0.000000 0.000000 1.000000 0.000000 0.000000 0.000000 0.000000 1.000000
1.000000 0.000000 0.000000 0.430000 -0.000000 1.000000 0.000000 0.000000 -0.000000 0.000000 1.000000 -0.000000 0.000000 0.000000 0.000000 1.000000
1.000000 -0.000000 0.000000 0.430000 -0.000000 1.000000 0.000000 0.000000 0.000000 -0.000000 1.000000 0.000000 0.000000 0.000000 0.000000 1.000000
1.000000 0.000000 0.000000 0.430000 -0.000000 1.000000 0.000000 0.000000 -0.000000 0.000000 1.000000 0.000000 0.000000 0.000000 0.000000 1.000000
1.000000 -0.000000 0.000000 0.430000 -0.000000 1.000000 0.000000 0.000000 0.000000 -0.000000 1.000000 0.000000 0.000000 0.000000 0.000000 1.000000
1.000000 0.000000 -0.000000 0.430000 0.000000 1.000000 0.000000 -0.000000 -0.000000 -0.000000 1.000000 0.000000 0.000000 0.000000 0.000000 1.000000
1.000000 0.000000 -0.000000 0.430000 0.000000 1.000000 0.000000 0.000000 -0.000000 0.000000 1.000000 0.000000 0.000000 0.000000 0.000000 1.000000
1.000000 0.000000 -0.000000 0.430000 -0.000000 1.000000 -0.000000 -0.000000 0.000000 0.000000 1.000000 -0.000000 0.000000 0.000000 0.000000 1.000000
1.000000 -0.000000 0.000000 0.430001 -0.000000 1.000000 0.000000 0.000000 -0.000000 -0.000000 1.000000 0.000000 0.000000 0.000000 0.000000 1.000000
1.000000 0.000000 -0.000000 0.430000 0.000000 1.000000 0.000000 0.000000 0.000000 0.000000 1.000000 0.000000 0.000000 0.000000 0.000000 1.000000
1.000000 -0.000000 -0.000000 0.430000 0.000000 1.000000 -0.000000 -0.000000 -0.000000 -0.000000 1.000000 0.000000 0.000000 0.000000 0.000000 1.000000
1.000000 0.000000 0.000000 0.430000 -0.000000 1.000000 0.000000 0.000000 -0.000000 0.000000 1.000000 0.000000 0.000000 0.000000 0.000000 1.000000</float_array><technique_common><accessor source="#jnt_right_uplegroll-Matrix-animation-output-transform-array" count="21" stride="16"><param type="float4x4"/></accessor></technique_common></source><source id="jnt_right_uplegroll-Interpolations"><Name_array id="jnt_right_uplegroll-Interpolations-array" count="21">
 LINEAR LINEAR LINEAR LINEAR LINEAR LINEAR LINEAR LINEAR LINEAR LINEAR LINEAR
LINEAR LINEAR LINEAR LINEAR LINEAR LINEAR LINEAR LINEAR LINEAR LINEAR</Name_array><technique_common><accessor source="#jnt_right_uplegroll-Interpolations-array" count="21"><param type="name"/></accessor></technique_common></source><sampler id="jnt_right_uplegroll-Matrix-animation-transform"><input semantic="INPUT" source="#jnt_right_uplegroll-Matrix-animation-input"/><input semantic="OUTPUT" source="#jnt_right_uplegroll-Matrix-animation-output-transform"/><input semantic="INTERPOLATION" source="#jnt_right_uplegroll-Interpolations"/></sampler><channel source="#jnt_right_uplegroll-Matrix-animation-transform" target="jnt_right_uplegroll/matrix"/></animation></animation>
    <animation id="jnt_right_leg-anim" name="jnt_right_leg"><animation><source id="jnt_right_leg-Matrix-animation-input"><float_array id="jnt_right_leg-Matrix-animation-input-array" count="21">

0.000000 0.033333 0.066667 0.100000 0.133333 0.166667 0.200000 0.233333 0.266667 0.300000 0.333333 0.366667 0.400000 0.433333 0.466667 0.500000
0.533333 0.566667 0.600000 0.633333 0.666667</float_array><technique_common><accessor source="#jnt_right_leg-Matrix-animation-input-array" count="21"><param name="TIME" type="float"/></accessor></technique_common></source><source id="jnt_right_leg-Matrix-animation-output-transform"><float_array id="jnt_right_leg-Matrix-animation-output-transform-array" count="336">

-0.051612 0.974760 0.217208 0.860324 -0.998562 -0.053535 0.002974 0.000000 0.014527 -0.216742 0.976121 -0.000000 0.000000 0.000000 0.000000 1.000000
-0.205722 0.963648 0.170474 0.860324 -0.976704 -0.213051 0.025676 0.000000 0.061063 -0.161221 0.985028 0.000000 0.000000 0.000000 0.000000 1.000000
-0.442431 0.887241 0.130609 0.860324 -0.885358 -0.455321 0.093939 0.000000 0.142815 -0.074074 0.986974 0.000000 0.000000 0.000000 0.000000 1.000000
-0.549542 0.831256 0.083762 0.860324 -0.814464 -0.555367 0.167978 0.000000 0.186152 0.024090 0.982226 0.000000 0.000000 0.000000 0.000000 1.000000
-0.542009 0.838760 0.052044 0.860324 -0.819561 -0.541269 0.188009 0.000000 0.185864 0.059249 0.980788 0.000000 0.000000 0.000000 0.000000 1.000000
-0.501282 0.864376 0.039632 0.860324 -0.844713 -0.498780 0.194110 0.000000 0.187551 0.063826 0.980179 0.000000 0.000000 0.000000 0.000000 1.000000
-0.440551 0.897013 0.035806 0.860324 -0.877472 -0.438693 0.193888 0.000000 0.189628 0.053998 0.980370 -0.000000 0.000000 0.000000 0.000000 1.000000
-0.375101 0.926522 0.029260 0.860324 -0.907108 -0.373377 0.194282 0.000000 0.190932 0.046333 0.980509 0.000000 0.000000 0.000000 0.000000 1.000000
-0.300972 0.953629 -0.002672 0.860324 -0.935443 -0.294685 0.195211 0.000000 0.185371 0.061252 0.980758 0.000000 0.000000 0.000000 0.000000 1.000000
-0.205720 0.976830 -0.059015 0.860324 -0.963788 -0.191779 0.185292 -0.000000 0.169681 0.094997 0.980910 0.000000 0.000000 0.000000 0.000000 1.000000
-0.096183 0.987987 -0.120958 0.860324 -0.984301 -0.076341 0.159136 -0.000000 0.147990 0.134365 0.979819 0.000000 0.000000 0.000000 0.000000 1.000000
0.017676 0.985500 -0.168754 0.860324 -0.991949 0.038453 0.120658 0.000000 0.125398 0.165262 0.978245 0.000000 0.000000 0.000000 0.000000 1.000000
0.122927 0.975091 -0.184627 0.860324 -0.986550 0.140264 0.083931 0.000000 0.107737 0.171826 0.979218 0.000000 0.000000 0.000000 0.000000 1.000000
0.226052 0.958398 -0.174281 0.860324 -0.969370 0.238959 0.056750 0.000000 0.096035 0.156114 0.983059 0.000000 0.000000 0.000000 0.000000 1.000000
0.323135 0.933334 -0.156433 0.860325 -0.942643 0.332063 0.034037 -0.000000 0.083713 0.136462 0.987102 -0.000000 0.000000 0.000000 0.000000 1.000000
0.438219 0.888602 -0.135465 0.860324 -0.896128 0.443652 0.011292 0.000000 0.070133 0.116446 0.990718 0.000000 0.000000 0.000000 0.000000 1.000000
0.563423 0.818372 -0.113235 0.860324 -0.824321 0.566019 -0.010838 -0.000000 0.055224 0.099448 0.993509 -0.000000 0.000000 0.000000 0.000000 1.000000
0.687892 0.720074 -0.091091 0.860325 -0.724740 0.688266 -0.032280 0.000000 0.039450 0.088223 0.995319 0.000000 0.000000 0.000000 0.000000 1.000000
0.797750 0.598873 -0.070330 0.860324 -0.602491 0.796390 -0.052619 0.000000 0.024498 0.084350 0.996135 0.000000 0.000000 0.000000 0.000000 1.000000
0.876685 0.478035 -0.053913 0.860324 -0.480876 0.873962 -0.070343 0.000000 0.013492 0.087594 0.996065 0.000000 0.000000 0.000000 0.000000 1.000000
0.907682 0.416841 -0.048550 0.860324 -0.419555 0.903937 -0.082896 0.000000 0.009331 0.095613 0.995375 0.000000 0.000000 0.000000 0.000000 1.000000</float_array><technique_common><accessor source="#jnt_right_leg-Matrix-animation-output-transform-array" count="21" stride="16"><param type="float4x4"/></accessor></technique_common></source><source id="jnt_right_leg-Interpolations"><Name_array id="jnt_right_leg-Interpolations-array" count="21">
 LINEAR LINEAR LINEAR LINEAR LINEAR LINEAR LINEAR LINEAR LINEAR LINEAR LINEAR
LINEAR LINEAR LINEAR LINEAR LINEAR LINEAR LINEAR LINEAR LINEAR LINEAR</Name_array><technique_common><accessor source="#jnt_right_leg-Interpolations-array" count="21"><param type="name"/></accessor></technique_common></source><sampler id="jnt_right_leg-Matrix-animation-transform"><input semantic="INPUT" source="#jnt_right_leg-Matrix-animation-input"/><input semantic="OUTPUT" source="#jnt_right_leg-Matrix-animation-output-transform"/><input semantic="INTERPOLATION" source="#jnt_right_leg-Interpolations"/></sampler><channel source="#jnt_right_leg-Matrix-animation-transform" target="jnt_right_leg/matrix"/></animation></animation>
    <animation id="jnt_right_legroll-anim" name="jnt_right_legroll"><animation><source id="jnt_right_legroll-Matrix-animation-input"><float_array id="jnt_right_legroll-Matrix-animation-input-array" count="21">

0.000000 0.033333 0.066667 0.100000 0.133333 0.166667 0.200000 0.233333 0.266667 0.300000 0.333333 0.366667 0.400000 0.433333 0.466667 0.500000
0.533333 0.566667 0.600000 0.633333 0.666667</float_array><technique_common><accessor source="#jnt_right_legroll-Matrix-animation-input-array" count="21"><param name="TIME" type="float"/></accessor></technique_common></source><source id="jnt_right_legroll-Matrix-animation-output-transform"><float_array id="jnt_right_legroll-Matrix-animation-output-transform-array" count="336">

1.000000 -0.000000 0.000000 0.384000 0.000000 0.999998 0.002109 0.000000 0.000000 -0.002109 0.999998 -0.000000 0.000000 0.000000 0.000000 1.000000
1.000000 0.000000 0.000000 0.384000 0.000000 0.999764 0.021709 -0.000000 -0.000000 -0.021709 0.999764 0.000000 0.000000 0.000000 0.000000 1.000000
1.000000 0.000000 0.000000 0.384000 0.000000 0.999590 0.028634 -0.000000 0.000000 -0.028634 0.999590 0.000000 0.000000 0.000000 0.000000 1.000000
1.000000 -0.000000 0.000000 0.384000 0.000000 1.000000 -0.000000 -0.000000 -0.000000 0.000000 1.000000 0.000000 0.000000 0.000000 0.000000 1.000000
1.000000 0.000000 0.000000 0.384000 0.000000 1.000000 0.000000 -0.000000 0.000000 0.000000 1.000000 0.000000 0.000000 0.000000 0.000000 1.000000
1.000000 0.000000 0.000000 0.384000 -0.000000 1.000000 0.000000 0.000000 0.000000 -0.000000 1.000000 0.000000 0.000000 0.000000 0.000000 1.000000
1.000000 0.000000 0.000000 0.384000 -0.000000 1.000000 0.000000 -0.000000 0.000000 -0.000000 1.000000 0.000000 0.000000 0.000000 0.000000 1.000000
1.000000 0.000000 0.000000 0.384000 0.000000 1.000000 0.000000 -0.000000 -0.000000 0.000000 1.000000 0.000000 0.000000 0.000000 0.000000 1.000000
1.000000 0.000000 0.000000 0.384000 0.000000 1.000000 -0.000000 0.000000 0.000000 0.000000 1.000000 -0.000000 0.000000 0.000000 0.000000 1.000000
1.000000 0.000000 0.000000 0.384000 -0.000000 1.000000 -0.000000 -0.000000 -0.000000 0.000000 1.000000 0.000000 0.000000 0.000000 0.000000 1.000000
1.000000 -0.000000 0.000000 0.384000 0.000000 1.000000 -0.000000 0.000000 0.000000 -0.000000 1.000000 -0.000000 0.000000 0.000000 0.000000 1.000000
1.000000 -0.000000 0.000000 0.384000 0.000000 1.000000 0.000000 -0.000000 0.000000 0.000000 1.000000 -0.000000 0.000000 0.000000 0.000000 1.000000
1.000000 0.000000 -0.000000 0.384000 0.000000 1.000000 0.000000 -0.000000 0.000000 0.000000 1.000000 0.000000 0.000000 0.000000 0.000000 1.000000
1.000000 -0.000000 0.000000 0.384000 0.000000 1.000000 0.000000 -0.000000 0.000000 -0.000000 1.000000 0.000000 0.000000 0.000000 0.000000 1.000000
1.000000 0.000000 0.000000 0.384000 0.000000 1.000000 -0.000000 0.000000 -0.000000 0.000000 1.000000 -0.000000 0.000000 0.000000 0.000000 1.000000
1.000000 0.000000 0.000000 0.384000 -0.000000 1.000000 -0.000000 0.000000 0.000000 0.000000 1.000000 -0.000000 0.000000 0.000000 0.000000 1.000000
1.000000 -0.000000 0.000000 0.384000 0.000000 1.000000 0.000000 0.000000 0.000000 0.000000 1.000000 0.000000 0.000000 0.000000 0.000000 1.000000
1.000000 -0.000000 0.000000 0.384000 0.000000 1.000000 -0.000000 -0.000000 -0.000000 -0.000000 1.000000 0.000000 0.000000 0.000000 0.000000 1.000000
1.000000 0.000000 0.000000 0.384000 -0.000000 1.000000 0.000000 0.000000 0.000000 -0.000000 1.000000 -0.000000 0.000000 0.000000 0.000000 1.000000
1.000000 0.000000 0.000000 0.384000 0.000000 1.000000 0.000000 -0.000000 -0.000000 -0.000000 1.000000 0.000000 0.000000 0.000000 0.000000 1.000000
1.000000 0.000000 0.000000 0.384000 0.000000 1.000000 0.000000 -0.000000 -0.000000 0.000000 1.000000 0.000000 0.000000 0.000000 0.000000 1.000000</float_array><technique_common><accessor source="#jnt_right_legroll-Matrix-animation-output-transform-array" count="21" stride="16"><param type="float4x4"/></accessor></technique_common></source><source id="jnt_right_legroll-Interpolations"><Name_array id="jnt_right_legroll-Interpolations-array" count="21">
 LINEAR LINEAR LINEAR LINEAR LINEAR LINEAR LINEAR LINEAR LINEAR LINEAR LINEAR
LINEAR LINEAR LINEAR LINEAR LINEAR LINEAR LINEAR LINEAR LINEAR LINEAR</Name_array><technique_common><accessor source="#jnt_right_legroll-Interpolations-array" count="21"><param type="name"/></accessor></technique_common></source><sampler id="jnt_right_legroll-Matrix-animation-transform"><input semantic="INPUT" source="#jnt_right_legroll-Matrix-animation-input"/><input semantic="OUTPUT" source="#jnt_right_legroll-Matrix-animation-output-transform"/><input semantic="INTERPOLATION" source="#jnt_right_legroll-Interpolations"/></sampler><channel source="#jnt_right_legroll-Matrix-animation-transform" target="jnt_right_legroll/matrix"/></animation></animation>
    <animation id="jnt_right_foot-anim" name="jnt_right_foot"><animation><source id="jnt_right_foot-Matrix-animation-input"><float_array id="jnt_right_foot-Matrix-animation-input-array" count="21">

0.000000 0.033333 0.066667 0.100000 0.133333 0.166667 0.200000 0.233333 0.266667 0.300000 0.333333 0.366667 0.400000 0.433333 0.466667 0.500000
0.533333 0.566667 0.600000 0.633333 0.666667</float_array><technique_common><accessor source="#jnt_right_foot-Matrix-animation-input-array" count="21"><param name="TIME" type="float"/></accessor></technique_common></source><source id="jnt_right_foot-Matrix-animation-output-transform"><float_array id="jnt_right_foot-Matrix-animation-output-transform-array" count="336">

0.393753 -0.883820 0.252629 0.768145 0.918954 0.385051 -0.085206 0.000000 -0.021969 0.265704 0.963804 -0.000000 0.000000 0.000000 0.000000 1.000000
0.074194 -0.931370 0.356433 0.768145 0.995320 0.046969 -0.084452 -0.000000 0.061915 0.361031 0.930496 0.000000 0.000000 0.000000 0.000000 1.000000
-0.404394 -0.775498 0.484840 0.768144 0.873942 -0.483932 -0.045111 -0.000000 0.269613 0.405479 0.873439 0.000000 0.000000 0.000000 0.000000 1.000000
-0.634557 -0.528466 0.563969 0.768145 0.661416 -0.748812 0.042527 -0.000000 0.399833 0.400004 0.824700 0.000000 0.000000 0.000000 0.000000 1.000000
-0.641375 -0.498899 0.582870 0.768145 0.650966 -0.755940 0.069270 -0.000000 0.406056 0.423856 0.809608 0.000000 0.000000 0.000000 0.000000 1.000000
-0.607531 -0.544014 0.578753 0.768145 0.685355 -0.727331 0.035759 0.000000 0.401491 0.418376 0.814718 0.000000 0.000000 0.000000 0.000000 1.000000
-0.552538 -0.616515 0.560902 0.768144 0.735093 -0.677650 -0.020709 -0.000000 0.392863 0.400872 0.827623 0.000000 0.000000 0.000000 0.000000 1.000000
-0.501150 -0.675071 0.541412 0.768144 0.775191 -0.628286 -0.065848 -0.000000 0.384614 0.386698 0.838175 0.000000 0.000000 0.000000 0.000000 1.000000
-0.454563 -0.720670 0.523457 0.768144 0.814931 -0.573703 -0.082171 0.000000 0.359527 0.389229 0.848081 0.000000 0.000000 0.000000 0.000000 1.000000
-0.395882 -0.772108 0.497119 0.768145 0.865038 -0.495237 -0.080308 -0.000000 0.308198 0.398234 0.863958 0.000000 0.000000 0.000000 0.000000 1.000000
-0.331521 -0.820305 0.466040 0.768145 0.910692 -0.407275 -0.069041 -0.000000 0.246441 0.401530 0.882066 0.000000 0.000000 0.000000 0.000000 1.000000
-0.268559 -0.859614 0.434672 0.768145 0.943765 -0.325143 -0.059910 -0.000000 0.192830 0.394139 0.898594 -0.000000 0.000000 0.000000 0.000000 1.000000
-0.215045 -0.887276 0.408041 0.768145 0.962222 -0.263939 -0.066820 0.000000 0.166985 0.378257 0.910515 -0.000000 0.000000 0.000000 0.000000 1.000000
-0.173936 -0.905983 0.385928 0.768145 0.971292 -0.222421 -0.084388 -0.000000 0.162292 0.360170 0.918661 -0.000000 0.000000 0.000000 0.000000 1.000000
-0.151449 -0.915753 0.372102 0.768145 0.975809 -0.198559 -0.091496 -0.000000 0.157671 0.349243 0.923671 -0.000000 0.000000 0.000000 0.000000 1.000000
-0.120309 -0.925820 0.358305 0.768145 0.981034 -0.166132 -0.099861 0.000000 0.151979 0.339495 0.928249 0.000000 0.000000 0.000000 0.000000 1.000000
-0.077941 -0.935532 0.344537 0.768145 0.986296 -0.122762 -0.110221 -0.000000 0.145412 0.331225 0.932280 0.000000 0.000000 0.000000 0.000000 1.000000
-0.024017 -0.943519 0.330447 0.768144 0.990070 -0.068246 -0.122901 -0.000000 0.138511 0.324214 0.935788 0.000000 0.000000 0.000000 0.000000 1.000000
0.038128 -0.948031 0.315885 0.768144 0.990498 -0.005946 -0.137401 0.000000 0.132139 0.318123 0.938796 -0.000000 0.000000 0.000000 0.000000 1.000000
0.097204 -0.948129 0.302658 0.768145 0.987084 0.052929 -0.151209 -0.000000 0.127346 0.313447 0.941028 0.000000 0.000000 0.000000 0.000000 1.000000
0.125461 -0.946436 0.297520 0.768145 0.984170 0.080894 -0.157686 -0.000000 0.125172 0.312593 0.941604 0.000000 0.000000 0.000000 0.000000 1.000000</float_array><technique_common><accessor source="#jnt_right_foot-Matrix-animation-output-transform-array" count="21" stride="16"><param type="float4x4"/></accessor></technique_common></source><source id="jnt_right_foot-Interpolations"><Name_array id="jnt_right_foot-Interpolations-array" count="21">
 LINEAR LINEAR LINEAR LINEAR LINEAR LINEAR LINEAR LINEAR LINEAR LINEAR LINEAR
LINEAR LINEAR LINEAR LINEAR LINEAR LINEAR LINEAR LINEAR LINEAR LINEAR</Name_array><technique_common><accessor source="#jnt_right_foot-Interpolations-array" count="21"><param type="name"/></accessor></technique_common></source><sampler id="jnt_right_foot-Matrix-animation-transform"><input semantic="INPUT" source="#jnt_right_foot-Matrix-animation-input"/><input semantic="OUTPUT" source="#jnt_right_foot-Matrix-animation-output-transform"/><input semantic="INTERPOLATION" source="#jnt_right_foot-Interpolations"/></sampler><channel source="#jnt_right_foot-Matrix-animation-transform" target="jnt_right_foot/matrix"/></animation></animation>
    <animation id="jnt_right_toebase-anim" name="jnt_right_toebase"><animation><source id="jnt_right_toebase-Matrix-animation-input"><float_array id="jnt_right_toebase-Matrix-animation-input-array" count="21">

0.000000 0.033333 0.066667 0.100000 0.133333 0.166667 0.200000 0.233333 0.266667 0.300000 0.333333 0.366667 0.400000 0.433333 0.466667 0.500000
0.533333 0.566667 0.600000 0.633333 0.666667</float_array><technique_common><accessor source="#jnt_right_toebase-Matrix-animation-input-array" count="21"><param name="TIME" type="float"/></accessor></technique_common></source><source id="jnt_right_toebase-Matrix-animation-output-transform"><float_array id="jnt_right_toebase-Matrix-animation-output-transform-array" count="336">

0.918936 -0.394407 0.000002 0.441847 0.394407 0.918936 0.000001 0.000000 -0.000002 0.000000 1.000000 -0.000000 0.000000 0.000000 0.000000 1.000000
0.917555 -0.397285 -0.016030 0.441847 0.397578 0.917233 0.024799 -0.000000 0.004851 -0.029128 0.999564 0.000000 0.000000 0.000000 0.000000 1.000000
0.914987 -0.400856 -0.045967 0.441847 0.403254 0.912351 0.070720 -0.000000 0.013589 -0.083244 0.996437 0.000000 0.000000 0.000000 0.000000 1.000000
0.914005 -0.400924 -0.062085 0.441847 0.405296 0.909182 0.095513 -0.000000 0.018153 -0.112462 0.993490 0.000000 0.000000 0.000000 0.000000 1.000000
0.915067 -0.398509 -0.061983 0.441847 0.402891 0.910205 0.095949 -0.000000 0.018180 -0.112772 0.993455 -0.000000 0.000000 0.000000 0.000000 1.000000
0.916405 -0.395445 -0.061852 0.441847 0.399838 0.911492 0.096501 -0.000000 0.018216 -0.113165 0.993409 0.000000 0.000000 0.000000 0.000000 1.000000
0.917827 -0.392155 -0.061708 0.441847 0.396560 0.912860 0.097093 0.000000 0.018256 -0.113585 0.993361 0.000000 0.000000 0.000000 0.000000 1.000000
0.919150 -0.389065 -0.061571 0.441847 0.393482 0.914132 0.097647 -0.000000 0.018293 -0.113979 0.993315 0.000000 0.000000 0.000000 0.000000 1.000000
0.920529 -0.385814 -0.061432 0.441847 0.390243 0.915457 0.098226 0.000000 0.018342 -0.114393 0.993266 -0.000000 0.000000 0.000000 0.000000 1.000000
0.922057 -0.382173 -0.061279 0.441847 0.386617 0.916926 0.098869 0.000000 0.018404 -0.114854 0.993212 -0.000000 0.000000 0.000000 0.000000 1.000000
0.923466 -0.378779 -0.061137 0.441847 0.383237 0.918279 0.099465 0.000000 0.018465 -0.115283 0.993161 -0.000000 0.000000 0.000000 0.000000 1.000000
0.924497 -0.376272 -0.061034 0.441847 0.380740 0.919269 0.099904 0.000000 0.018516 -0.115599 0.993123 0.000000 0.000000 0.000000 0.000000 1.000000
0.924897 -0.375294 -0.060994 0.441847 0.379766 0.919654 0.100075 0.000000 0.018536 -0.115722 0.993109 0.000000 0.000000 0.000000 0.000000 1.000000
0.924662 -0.376271 -0.058484 0.441847 0.380374 0.919863 0.095747 -0.000000 0.017771 -0.110779 0.993686 0.000000 0.000000 0.000000 0.000000 1.000000
0.924035 -0.378781 -0.051820 0.441847 0.381985 0.920311 0.084349 -0.000000 0.015741 -0.097736 0.995088 0.000000 0.000000 0.000000 0.000000 1.000000
0.923126 -0.382165 -0.042281 0.441847 0.384282 0.920688 0.068275 -0.000000 0.012835 -0.079274 0.996770 0.000000 0.000000 0.000000 0.000000 1.000000
0.922054 -0.385803 -0.031182 0.441847 0.386946 0.920751 0.049912 0.000000 0.009455 -0.058087 0.998267 0.000000 0.000000 0.000000 0.000000 1.000000
0.920947 -0.389179 -0.019914 0.441847 0.389641 0.920424 0.031626 -0.000000 0.006021 -0.036885 0.999301 0.000000 0.000000 0.000000 0.000000 1.000000
0.919952 -0.391904 -0.009951 0.441847 0.392019 0.919822 0.015743 -0.000000 0.002984 -0.018384 0.999827 -0.000000 0.000000 0.000000 0.000000 1.000000
0.919231 -0.393707 -0.002832 0.441847 0.393717 0.919221 0.004552 -0.000000 0.000811 -0.005300 0.999986 0.000000 0.000000 0.000000 0.000000 1.000000
0.918954 -0.394364 -0.000117 0.441847 0.394364 0.918954 0.000317 -0.000000 -0.000018 -0.000338 1.000000 0.000000 0.000000 0.000000 0.000000 1.000000</float_array><technique_common><accessor source="#jnt_right_toebase-Matrix-animation-output-transform-array" count="21" stride="16"><param type="float4x4"/></accessor></technique_common></source><source id="jnt_right_toebase-Interpolations"><Name_array id="jnt_right_toebase-Interpolations-array" count="21">
 LINEAR LINEAR LINEAR LINEAR LINEAR LINEAR LINEAR LINEAR LINEAR LINEAR LINEAR
LINEAR LINEAR LINEAR LINEAR LINEAR LINEAR LINEAR LINEAR LINEAR LINEAR</Name_array><technique_common><accessor source="#jnt_right_toebase-Interpolations-array" count="21"><param type="name"/></accessor></technique_common></source><sampler id="jnt_right_toebase-Matrix-animation-transform"><input semantic="INPUT" source="#jnt_right_toebase-Matrix-animation-input"/><input semantic="OUTPUT" source="#jnt_right_toebase-Matrix-animation-output-transform"/><input semantic="INTERPOLATION" source="#jnt_right_toebase-Interpolations"/></sampler><channel source="#jnt_right_toebase-Matrix-animation-transform" target="jnt_right_toebase/matrix"/></animation></animation>
    <animation id="jnt_right_toeend-anim" name="jnt_right_toeend"><animation><source id="jnt_right_toeend-Matrix-animation-input"><float_array id="jnt_right_toeend-Matrix-animation-input-array" count="21">

0.000000 0.033333 0.066667 0.100000 0.133333 0.166667 0.200000 0.233333 0.266667 0.300000 0.333333 0.366667 0.400000 0.433333 0.466667 0.500000
0.533333 0.566667 0.600000 0.633333 0.666667</float_array><technique_common><accessor source="#jnt_right_toeend-Matrix-animation-input-array" count="21"><param name="TIME" type="float"/></accessor></technique_common></source><source id="jnt_right_toeend-Matrix-animation-output-transform"><float_array id="jnt_right_toeend-Matrix-animation-output-transform-array" count="336">

1.000000 0.000000 0.000000 0.379397 0.000000 1.000000 -0.000000 0.000000 0.000000 0.000000 1.000000 -0.000000 0.000000 0.000000 0.000000 1.000000
1.000000 0.000000 0.000000 0.379397 0.000000 1.000000 0.000000 0.000000 -0.000000 0.000000 1.000000 0.000000 0.000000 0.000000 0.000000 1.000000
1.000000 0.000000 0.000000 0.379397 0.000000 1.000000 0.000000 0.000000 0.000000 -0.000000 1.000000 -0.000000 0.000000 0.000000 0.000000 1.000000
1.000000 0.000000 -0.000000 0.379397 0.000000 1.000000 -0.000000 0.000000 0.000000 0.000000 1.000000 -0.000000 0.000000 0.000000 0.000000 1.000000
1.000000 0.000000 -0.000000 0.379397 0.000000 1.000000 0.000000 0.000000 -0.000000 -0.000000 1.000000 -0.000000 0.000000 0.000000 0.000000 1.000000
1.000000 -0.000000 0.000000 0.379397 -0.000000 1.000000 0.000000 0.000000 -0.000000 -0.000000 1.000000 -0.000000 0.000000 0.000000 0.000000 1.000000
1.000000 0.000000 0.000000 0.379397 0.000000 1.000000 0.000000 0.000000 -0.000000 0.000000 1.000000 -0.000000 0.000000 0.000000 0.000000 1.000000
1.000000 0.000000 -0.000000 0.379397 0.000000 1.000000 -0.000000 0.000000 -0.000000 -0.000000 1.000000 -0.000000 0.000000 0.000000 0.000000 1.000000
1.000000 0.000000 0.000000 0.379397 0.000000 1.000000 0.000000 0.000000 -0.000000 0.000000 1.000000 -0.000000 0.000000 0.000000 0.000000 1.000000
1.000000 -0.000000 0.000000 0.379397 -0.000000 1.000000 0.000000 0.000000 0.000000 0.000000 1.000000 0.000000 0.000000 0.000000 0.000000 1.000000
1.000000 -0.000000 0.000000 0.379397 -0.000000 1.000000 0.000000 0.000000 0.000000 0.000000 1.000000 0.000000 0.000000 0.000000 0.000000 1.000000
1.000000 -0.000000 0.000000 0.379397 -0.000000 1.000000 -0.000000 0.000000 -0.000000 0.000000 1.000000 0.000000 0.000000 0.000000 0.000000 1.000000
1.000000 0.000000 0.000000 0.379397 0.000000 1.000000 -0.000000 0.000000 0.000000 -0.000000 1.000000 0.000000 0.000000 0.000000 0.000000 1.000000
1.000000 0.000000 -0.000000 0.379397 -0.000000 1.000000 0.000000 0.000000 -0.000000 0.000000 1.000000 0.000000 0.000000 0.000000 0.000000 1.000000
1.000000 -0.000000 0.000000 0.379397 -0.000000 1.000000 -0.000000 0.000000 0.000000 0.000000 1.000000 -0.000000 0.000000 0.000000 0.000000 1.000000
1.000000 -0.000000 -0.000000 0.379397 0.000000 1.000000 0.000000 0.000000 0.000000 0.000000 1.000000 0.000000 0.000000 0.000000 0.000000 1.000000
1.000000 0.000000 0.000000 0.379397 0.000000 1.000000 -0.000000 0.000000 0.000000 -0.000000 1.000000 0.000000 0.000000 0.000000 0.000000 1.000000
1.000000 0.000000 0.000000 0.379397 -0.000000 1.000000 0.000000 0.000000 0.000000 0.000000 1.000000 -0.000000 0.000000 0.000000 0.000000 1.000000
1.000000 -0.000000 -0.000000 0.379397 0.000000 1.000000 0.000000 0.000000 -0.000000 -0.000000 1.000000 0.000000 0.000000 0.000000 0.000000 1.000000
1.000000 -0.000000 0.000000 0.379397 0.000000 1.000000 0.000000 0.000000 0.000000 0.000000 1.000000 -0.000000 0.000000 0.000000 0.000000 1.000000
1.000000 -0.000000 0.000000 0.379397 -0.000000 1.000000 0.000000 0.000000 -0.000000 0.000000 1.000000 -0.000000 0.000000 0.000000 0.000000 1.000000</float_array><technique_common><accessor source="#jnt_right_toeend-Matrix-animation-output-transform-array" count="21" stride="16"><param type="float4x4"/></accessor></technique_common></source><source id="jnt_right_toeend-Interpolations"><Name_array id="jnt_right_toeend-Interpolations-array" count="21">
 LINEAR LINEAR LINEAR LINEAR LINEAR LINEAR LINEAR LINEAR LINEAR LINEAR LINEAR
LINEAR LINEAR LINEAR LINEAR LINEAR LINEAR LINEAR LINEAR LINEAR LINEAR</Name_array><technique_common><accessor source="#jnt_right_toeend-Interpolations-array" count="21"><param type="name"/></accessor></technique_common></source><sampler id="jnt_right_toeend-Matrix-animation-transform"><input semantic="INPUT" source="#jnt_right_toeend-Matrix-animation-input"/><input semantic="OUTPUT" source="#jnt_right_toeend-Matrix-animation-output-transform"/><input semantic="INTERPOLATION" source="#jnt_right_toeend-Interpolations"/></sampler><channel source="#jnt_right_toeend-Matrix-animation-transform" target="jnt_right_toeend/matrix"/></animation></animation>
    <animation id="jnt_left_upleg-anim" name="jnt_left_upleg"><animation><source id="jnt_left_upleg-Matrix-animation-input"><float_array id="jnt_left_upleg-Matrix-animation-input-array" count="21">

0.000000 0.033333 0.066667 0.100000 0.133333 0.166667 0.200000 0.233333 0.266667 0.300000 0.333333 0.366667 0.400000 0.433333 0.466667 0.500000
