<?xml version="1.0" encoding="utf-8"?>
<COLLADA xmlns="http://www.collada.org/2005/11/COLLADASchema" version="1.4.1">
  <asset><contributor><author></author><authoring_tool>FBX COLLADA exporter</authoring_tool><comments></comments></contributor><created>2018-05-09T12:31:29Z</created><keywords></keywords><modified>2018-05-09T12:31:29Z</modified><revision></revision><subject></subject><title></title><unit meter="0.010000" name="centimeter"></unit><up_axis>Y_UP</up_axis></asset>
  <library_animations>
    <animation id="jnt_hips-anim" name="jnt_hips"><animation><source id="jnt_hips-Matrix-animation-input"><float_array id="jnt_hips-Matrix-animation-input-array" count="21">

0.000000 0.033333 0.066667 0.100000 0.133333 0.166667 0.200000 0.233333 0.266667 0.300000 0.333333 0.366667 0.400000 0.433333 0.466667 0.500000
0.533333 0.566667 0.600000 0.633333 0.666667</float_array><technique_common><accessor source="#jnt_hips-Matrix-animation-input-array" count="21"><param name="TIME" type="float"/></accessor></technique_common></source><source id="jnt_hips-Matrix-animation-output-transform"><float_array id="jnt_hips-Matrix-animation-output-transform-array" count="336">

0.961460 -0.010974 -0.274724 0.005653 -0.002571 0.998800 -0.048898 1.940700 0.274931 0.047720 0.960279 -0.246250 0.000000 0.000000 0.000000 1.000000
0.961460 -0.010974 -0.274724 0.007398 -0.002571 0.998800 -0.048898 1.941010 0.274931 0.047720 0.960279 -0.252349 0.000000 0.000000 0.000000 1.000000
0.961460 -0.010974 -0.274725 0.011761 -0.002571 0.998800 -0.048898 1.941787 0.274932 0.047720 0.960279 -0.267598 0.000000 0.000000 0.000000 1.000000
0.961460 -0.010974 -0.274725 0.017432 -0.002571 0.998800 -0.048898 1.942797 0.274932 0.047720 0.960279 -0.287422 0.000000 0.000000 0.000000 1.000000
0.961460 -0.010974 -0.274725 0.023103 -0.002571 0.998800 -0.048898 1.943806 0.274932 0.047720 0.960279 -0.307245 0.000000 0.000000 0.000000 1.000000
0.961460 -0.010974 -0.274725 0.027466 -0.002571 0.998800 -0.048898 1.944583 0.274932 0.047720 0.960279 -0.322494 0.000000 0.000000 0.000000 1.000000
0.961460 -0.010974 -0.274725 0.029211 -0.002571 0.998800 -0.048898 1.944893 0.274932 0.047720 0.960279 -0.328594 0.000000 0.000000 0.000000 1.000000
0.961460 -0.010974 -0.274725 0.028867 -0.002571 0.998800 -0.048898 1.944832 0.274932 0.047720 0.960279 -0.327394 0.000000 0.000000 0.000000 1.000000
0.961460 -0.010974 -0.274725 0.027906 -0.002571 0.998800 -0.048898 1.944661 0.274932 0.047720 0.960279 -0.324033 0.000000 0.000000 0.000000 1.000000
0.961460 -0.010974 -0.274725 0.026429 -0.002571 0.998800 -0.048898 1.944398 0.274932 0.047720 0.960279 -0.318871 0.000000 0.000000 0.000000 1.000000
0.961460 -0.010974 -0.274725 0.024541 -0.002571 0.998800 -0.048898 1.944062 0.274932 0.047720 0.960279 -0.312269 0.000000 0.000000 0.000000 1.000000
0.961460 -0.010974 -0.274725 0.022343 -0.002571 0.998800 -0.048898 1.943671 0.274932 0.047720 0.960279 -0.304587 0.000000 0.000000 0.000000 1.000000
0.961460 -0.010974 -0.274725 0.019939 -0.002571 0.998800 -0.048898 1.943243 0.274932 0.047720 0.960279 -0.296184 0.000000 0.000000 0.000000 1.000000
0.961460 -0.010974 -0.274725 0.017432 -0.002571 0.998800 -0.048898 1.942797 0.274932 0.047720 0.960279 -0.287422 0.000000 0.000000 0.000000 1.000000
0.961460 -0.010974 -0.274725 0.014925 -0.002571 0.998800 -0.048898 1.942350 0.274932 0.047720 0.960279 -0.278659 0.000000 0.000000 0.000000 1.000000
0.961460 -0.010974 -0.274725 0.012521 -0.002571 0.998800 -0.048898 1.941923 0.274932 0.047720 0.960279 -0.270257 0.000000 0.000000 0.000000 1.000000
0.961460 -0.010974 -0.274724 0.010323 -0.002571 0.998800 -0.048898 1.941531 0.274931 0.047720 0.960279 -0.262575 0.000000 0.000000 0.000000 1.000000
0.961460 -0.010974 -0.274724 0.008435 -0.002571 0.998800 -0.048898 1.941195 0.274931 0.047720 0.960279 -0.255973 0.000000 0.000000 0.000000 1.000000
0.961460 -0.010974 -0.274724 0.006958 -0.002571 0.998800 -0.048898 1.940932 0.274931 0.047720 0.960279 -0.250811 0.000000 0.000000 0.000000 1.000000
0.961460 -0.010974 -0.274724 0.005997 -0.002571 0.998800 -0.048898 1.940761 0.274931 0.047720 0.960279 -0.247450 0.000000 0.000000 0.000000 1.000000
0.961460 -0.010974 -0.274724 0.005653 -0.002571 0.998800 -0.048898 1.940700 0.274931 0.047720 0.960279 -0.246250 0.000000 0.000000 0.000000 1.000000</float_array><technique_common><accessor source="#jnt_hips-Matrix-animation-output-transform-array" count="21" stride="16"><param type="float4x4"/></accessor></technique_common></source><source id="jnt_hips-Interpolations"><Name_array id="jnt_hips-Interpolations-array" count="21">
 LINEAR LINEAR LINEAR LINEAR LINEAR LINEAR LINEAR LINEAR LINEAR LINEAR LINEAR
LINEAR LINEAR LINEAR LINEAR LINEAR LINEAR LINEAR LINEAR LINEAR LINEAR</Name_array><technique_common><accessor source="#jnt_hips-Interpolations-array" count="21"><param type="name"/></accessor></technique_common></source><sampler id="jnt_hips-Matrix-animation-transform"><input semantic="INPUT" source="#jnt_hips-Matrix-animation-input"/><input semantic="OUTPUT" source="#jnt_hips-Matrix-animation-output-transform"/><input semantic="INTERPOLATION" source="#jnt_hips-Interpolations"/></sampler><channel source="#jnt_hips-Matrix-animation-transform" target="jnt_hips/matrix"/></animation></animation>
    <animation id="jnt_right_upleg-anim" name="jnt_right_upleg"><animation><source id="jnt_right_upleg-Matrix-animation-input"><float_array id="jnt_right_upleg-Matrix-animation-input-array" count="21">

0.000000 0.033333 0.066667 0.100000 0.133333 0.166667 0.200000 0.233333 0.266667 0.300000 0.333333 0.366667 0.400000 0.433333 0.466667 0.500000
0.533333 0.566667 0.600000 0.633333 0.666667</float_array><technique_common><accessor source="#jnt_right_upleg-Matrix-animation-input-array" count="21"><param name="TIME" type="float"/></accessor></technique_common></source><source id="jnt_right_upleg-Matrix-animation-output-transform"><float_array id="jnt_right_upleg-Matrix-animation-output-transform-array" count="336">

-0.156099 -0.161750 -0.974407 -0.446780 -0.987701 0.034532 0.152497 -0.111214 0.008981 0.986227 -0.165151 0.043020 0.000000 0.000000 0.000000 1.000000
-0.156520 -0.160766 -0.974503 -0.446780 -0.987544 0.041519 0.151765 -0.111214 0.016062 0.986119 -0.165262 0.043020 0.000000 0.000000 0.000000 1.000000
-0.157481 -0.158369 -0.974740 -0.446780 -0.986960 0.058546 0.149943 -0.111214 0.033321 0.985643 -0.165524 0.043020 0.000000 0.000000 0.000000 1.000000
-0.158553 -0.155383 -0.975047 -0.446780 -0.985824 0.079807 0.147587 -0.111214 0.054883 0.984625 -0.165834 0.043020 0.000000 0.000000 0.000000 1.000000
-0.159445 -0.152533 -0.975352 -0.446780 -0.984312 0.100171 0.145244 -0.111214 0.075547 0.983209 -0.166112 0.043020 0.000000 0.000000 0.000000 1.000000
-0.160020 -0.150428 -0.975584 -0.446780 -0.982922 0.115272 0.143449 -0.111214 0.090879 0.981878 -0.166305 0.043020 0.000000 0.000000 0.000000 1.000000
-0.160225 -0.149610 -0.975677 -0.446780 -0.982315 0.121183 0.142733 -0.111214 0.096881 0.981291 -0.166380 0.043020 0.000000 0.000000 0.000000 1.000000
-0.160187 -0.149777 -0.975657 -0.446780 -0.982436 0.120028 0.142874 -0.111214 0.095707 0.981407 -0.166373 0.043020 0.000000 0.000000 0.000000 1.000000
-0.160075 -0.150238 -0.975605 -0.446780 -0.982771 0.116774 0.143268 -0.111214 0.092401 0.981729 -0.166342 0.043020 0.000000 0.000000 0.000000 1.000000
-0.159895 -0.150949 -0.975524 -0.446780 -0.983268 0.111734 0.143875 -0.111214 0.087281 0.982207 -0.166289 0.043020 0.000000 0.000000 0.000000 1.000000
-0.159649 -0.151869 -0.975422 -0.446780 -0.983874 0.105206 0.144652 -0.111214 0.080652 0.982786 -0.166216 0.043020 0.000000 0.000000 0.000000 1.000000
-0.159340 -0.152954 -0.975303 -0.446780 -0.984534 0.097498 0.145558 -0.111214 0.072827 0.983412 -0.166124 0.043020 0.000000 0.000000 0.000000 1.000000
-0.158974 -0.154163 -0.975172 -0.446780 -0.985198 0.088927 0.146550 -0.111214 0.064127 0.984035 -0.166018 0.043020 0.000000 0.000000 0.000000 1.000000
-0.158560 -0.155447 -0.975036 -0.446780 -0.985822 0.079823 0.147588 -0.111214 0.054888 0.984614 -0.165900 0.043020 0.000000 0.000000 0.000000 1.000000
-0.158110 -0.156758 -0.974899 -0.446780 -0.986374 0.070542 0.148628 -0.111214 0.045473 0.985115 -0.165775 0.043020 0.000000 0.000000 0.000000 1.000000
-0.157644 -0.158040 -0.974768 -0.446780 -0.986830 0.061471 0.149628 -0.111214 0.036272 0.985518 -0.165649 0.043020 0.000000 0.000000 0.000000 1.000000
-0.157187 -0.159234 -0.974647 -0.446780 -0.987180 0.053025 0.150545 -0.111214 0.027708 0.985816 -0.165527 0.043020 0.000000 0.000000 0.000000 1.000000
-0.156768 -0.160279 -0.974543 -0.446780 -0.987428 0.045643 0.151334 -0.111214 0.020226 0.986016 -0.165419 0.043020 0.000000 0.000000 0.000000 1.000000
-0.156425 -0.161107 -0.974462 -0.446780 -0.987586 0.039789 0.151953 -0.111214 0.014293 0.986135 -0.165331 0.043020 0.000000 0.000000 0.000000 1.000000
-0.156192 -0.161652 -0.974409 -0.446780 -0.987672 0.035938 0.152356 -0.111214 0.010389 0.986193 -0.165273 0.043020 0.000000 0.000000 0.000000 1.000000
-0.156108 -0.161848 -0.974390 -0.446780 -0.987699 0.034553 0.152500 -0.111214 0.008987 0.986211 -0.165251 0.043020 0.000000 0.000000 0.000000 1.000000</float_array><technique_common><accessor source="#jnt_right_upleg-Matrix-animation-output-transform-array" count="21" stride="16"><param type="float4x4"/></accessor></technique_common></source><source id="jnt_right_upleg-Interpolations"><Name_array id="jnt_right_upleg-Interpolations-array" count="21">
 LINEAR LINEAR LINEAR LINEAR LINEAR LINEAR LINEAR LINEAR LINEAR LINEAR LINEAR
LINEAR LINEAR LINEAR LINEAR LINEAR LINEAR LINEAR LINEAR LINEAR LINEAR</Name_array><technique_common><accessor source="#jnt_right_upleg-Interpolations-array" count="21"><param type="name"/></accessor></technique_common></source><sampler id="jnt_right_upleg-Matrix-animation-transform"><input semantic="INPUT" source="#jnt_right_upleg-Matrix-animation-input"/><input semantic="OUTPUT" source="#jnt_right_upleg-Matrix-animation-output-transform"/><input semantic="INTERPOLATION" source="#jnt_right_upleg-Interpolations"/></sampler><channel source="#jnt_right_upleg-Matrix-animation-transform" target="jnt_right_upleg/matrix"/></animation></animation>
    <animation id="jnt_right_uplegroll-anim" name="jnt_right_uplegroll"><animation><source id="jnt_right_uplegroll-Matrix-animation-input"><float_array id="jnt_right_uplegroll-Matrix-animation-input-array" count="21">

0.000000 0.033333 0.066667 0.100000 0.133333 0.166667 0.200000 0.233333 0.266667 0.300000 0.333333 0.366667 0.400000 0.433333 0.466667 0.500000
0.533333 0.566667 0.600000 0.633333 0.666667</float_array><technique_common><accessor source="#jnt_right_uplegroll-Matrix-animation-input-array" count="21"><param name="TIME" type="float"/></accessor></technique_common></source><source id="jnt_right_uplegroll-Matrix-animation-output-transform"><float_array id="jnt_right_uplegroll-Matrix-animation-output-transform-array" count="336">

1.000000 0.000000 -0.000000 0.430000 -0.000000 1.000000 0.000000 0.000000 0.000000 -0.000000 1.000000 0.000000 0.000000 0.000000 0.000000 1.000000
1.000000 0.000000 0.000000 0.430000 0.000000 1.000000 0.000000 -0.000000 0.000000 0.000000 1.000000 0.000000 0.000000 0.000000 0.000000 1.000000
1.000000 -0.000000 0.000000 0.430000 0.000000 1.000000 0.000000 -0.000000 0.000000 0.000000 1.000000 -0.000000 0.000000 0.000000 0.000000 1.000000
1.000000 0.000000 -0.000000 0.430000 0.000000 1.000000 0.000000 0.000000 0.000000 0.000000 1.000000 0.000000 0.000000 0.000000 0.000000 1.000000
1.000000 -0.000000 0.000000 0.430000 -0.000000 1.000000 -0.000000 0.000000 -0.000000 0.000000 1.000000 0.000000 0.000000 0.000000 0.000000 1.000000
1.000000 0.000000 -0.000000 0.430000 0.000000 1.000000 -0.000000 0.000000 0.000000 0.000000 1.000000 0.000000 0.000000 0.000000 0.000000 1.000000
1.000000 -0.000000 0.000000 0.430000 -0.000000 1.000000 0.000000 0.000000 0.000000 -0.000000 1.000000 0.000000 0.000000 0.000000 0.000000 1.000000
1.000000 0.000000 -0.000000 0.430000 -0.000000 1.000000 -0.000000 0.000000 -0.000000 -0.000000 1.000000 0.000000 0.000000 0.000000 0.000000 1.000000
1.000000 -0.000000 -0.000000 0.430000 0.000000 1.000000 -0.000000 0.000000 0.000000 -0.000000 1.000000 0.000000 0.000000 0.000000 0.000000 1.000000
1.000000 -0.000000 0.000000 0.430000 0.000000 1.000000 0.000000 -0.000000 0.000000 0.000000 1.000000 -0.000000 0.000000 0.000000 0.000000 1.000000
1.000000 -0.000000 -0.000000 0.430000 -0.000000 1.000000 0.000000 0.000000 0.000000 0.000000 1.000000 0.000000 0.000000 0.000000 0.000000 1.000000
1.000000 0.000000 0.000000 0.430000 0.000000 1.000000 0.000000 0.000000 0.000000 -0.000000 1.000000 0.000000 0.000000 0.000000 0.000000 1.000000
1.000000 0.000000 -0.000000 0.430000 -0.000000 1.000000 0.000000 0.000000 -0.000000 -0.000000 1.000000 0.000000 0.000000 0.000000 0.000000 1.000000
1.000000 0.000000 0.000000 0.430000 0.000000 1.000000 0.000000 -0.000000 -0.000000 -0.000000 1.000000 0.000000 0.000000 0.000000 0.000000 1.000000
1.000000 0.000000 0.000000 0.430000 -0.000000 1.000000 0.000000 0.000000 -0.000000 0.000000 1.000000 0.000000 0.000000 0.000000 0.000000 1.000000
1.000000 0.000000 -0.000000 0.430000 0.000000 1.000000 0.000000 -0.000000 -0.000000 0.000000 1.000000 0.000000 0.000000 0.000000 0.000000 1.000000
1.000000 0.000000 0.000000 0.430000 0.000000 1.000000 0.000000 0.000000 -0.000000 0.000000 1.000000 0.000000 0.000000 0.000000 0.000000 1.000000
1.000000 0.000000 -0.000000 0.430000 -0.000000 1.000000 0.000000 0.000000 -0.000000 -0.000000 1.000000 0.000000 0.000000 0.000000 0.000000 1.000000
1.000000 0.000000 -0.000000 0.430000 -0.000000 1.000000 0.000000 -0.000000 0.000000 -0.000000 1.000000 -0.000000 0.000000 0.000000 0.000000 1.000000
1.000000 0.000000 -0.000000 0.430000 0.000000 1.000000 0.000000 0.000000 -0.000000 0.000000 1.000000 0.000000 0.000000 0.000000 0.000000 1.000000
1.000000 -0.000000 -0.000000 0.430000 -0.000000 1.000000 0.000000 0.000000 -0.000000 -0.000000 1.000000 -0.000000 0.000000 0.000000 0.000000 1.000000</float_array><technique_common><accessor source="#jnt_right_uplegroll-Matrix-animation-output-transform-array" count="21" stride="16"><param type="float4x4"/></accessor></technique_common></source><source id="jnt_right_uplegroll-Interpolations"><Name_array id="jnt_right_uplegroll-Interpolations-array" count="21">
 LINEAR LINEAR LINEAR LINEAR LINEAR LINEAR LINEAR LINEAR LINEAR LINEAR LINEAR
LINEAR LINEAR LINEAR LINEAR LINEAR LINEAR LINEAR LINEAR LINEAR LINEAR</Name_array><technique_common><accessor source="#jnt_right_uplegroll-Interpolations-array" count="21"><param type="name"/></accessor></technique_common></source><sampler id="jnt_right_uplegroll-Matrix-animation-transform"><input semantic="INPUT" source="#jnt_right_uplegroll-Matrix-animation-input"/><input semantic="OUTPUT" source="#jnt_right_uplegroll-Matrix-animation-output-transform"/><input semantic="INTERPOLATION" source="#jnt_right_uplegroll-Interpolations"/></sampler><channel source="#jnt_right_uplegroll-Matrix-animation-transform" target="jnt_right_uplegroll/matrix"/></animation></animation>
    <animation id="jnt_right_leg-anim" name="jnt_right_leg"><animation><source id="jnt_right_leg-Matrix-animation-input"><float_array id="jnt_right_leg-Matrix-animation-input-array" count="21">

0.000000 0.033333 0.066667 0.100000 0.133333 0.166667 0.200000 0.233333 0.266667 0.300000 0.333333 0.366667 0.400000 0.433333 0.466667 0.500000
0.533333 0.566667 0.600000 0.633333 0.666667</float_array><technique_common><accessor source="#jnt_right_leg-Matrix-animation-input-array" count="21"><param name="TIME" type="float"/></accessor></technique_common></source><source id="jnt_right_leg-Matrix-animation-output-transform"><float_array id="jnt_right_leg-Matrix-animation-output-transform-array" count="336">

0.907688 0.416820 -0.048616 0.860324 -0.419542 0.903923 -0.083110 0.000000 0.009303 0.095835 0.995354 0.000000 0.000000 0.000000 0.000000 1.000000
0.904821 0.422918 -0.049399 0.860324 -0.425688 0.901071 -0.082834 -0.000000 0.009480 0.095978 0.995338 0.000000 0.000000 0.000000 0.000000 1.000000
0.897906 0.437194 -0.051249 0.860324 -0.440077 0.894191 -0.082188 -0.000000 0.009894 0.096351 0.995298 -0.000000 0.000000 0.000000 0.000000 1.000000
0.889469 0.453858 -0.053449 0.860324 -0.456877 0.885794 -0.081445 0.000000 0.010380 0.096862 0.995244 -0.000000 0.000000 0.000000 0.000000 1.000000
0.881660 0.468618 -0.055442 0.860324 -0.471762 0.878016 -0.080803 0.000000 0.010814 0.097396 0.995187 0.000000 0.000000 0.000000 0.000000 1.000000
0.876081 0.478800 -0.056848 0.860324 -0.482035 0.872457 -0.080374 0.000000 0.011114 0.097817 0.995142 0.000000 0.000000 0.000000 0.000000 1.000000
0.873955 0.482607 -0.057378 0.860324 -0.485877 0.870339 -0.080211 0.000000 0.011228 0.097979 0.995125 0.000000 0.000000 0.000000 0.000000 1.000000
0.874368 0.481872 -0.057268 0.860324 -0.485134 0.870752 -0.080226 0.000000 0.011208 0.097930 0.995130 0.000000 0.000000 0.000000 0.000000 1.000000
0.875538 0.479780 -0.056968 0.860324 -0.483021 0.871919 -0.080295 0.000000 0.011148 0.097818 0.995142 0.000000 0.000000 0.000000 0.000000 1.000000
0.877369 0.476477 -0.056500 0.860325 -0.479688 0.873747 -0.080412 0.000000 0.011053 0.097654 0.995159 -0.000000 0.000000 0.000000 0.000000 1.000000
0.879778 0.472088 -0.055886 0.860324 -0.475259 0.876149 -0.080576 -0.000000 0.010926 0.097449 0.995181 -0.000000 0.000000 0.000000 0.000000 1.000000
0.882668 0.466751 -0.055148 0.860324 -0.469874 0.879029 -0.080784 0.000000 0.010771 0.097218 0.995205 0.000000 0.000000 0.000000 0.000000 1.000000
0.885935 0.460619 -0.054310 0.860324 -0.463689 0.882285 -0.081030 0.000000 0.010593 0.096970 0.995231 0.000000 0.000000 0.000000 0.000000 1.000000
0.889463 0.453877 -0.053399 0.860324 -0.456889 0.885800 -0.081306 0.000000 0.010398 0.096717 0.995258 0.000000 0.000000 0.000000 0.000000 1.000000
0.893115 0.446759 -0.052449 0.860324 -0.449712 0.889438 -0.081605 0.000000 0.010192 0.096470 0.995284 0.000000 0.000000 0.000000 0.000000 1.000000
0.896733 0.439565 -0.051498 0.860324 -0.442459 0.893040 -0.081912 -0.000000 0.009985 0.096239 0.995308 0.000000 0.000000 0.000000 0.000000 1.000000
0.900137 0.432659 -0.050594 0.860325 -0.435497 0.896428 -0.082209 0.000000 0.009786 0.096033 0.995330 0.000000 0.000000 0.000000 0.000000 1.000000
0.903137 0.426456 -0.049788 0.860324 -0.429245 0.899414 -0.082478 0.000000 0.009607 0.095860 0.995348 0.000000 0.000000 0.000000 0.000000 1.000000
0.905531 0.421424 -0.049139 0.860324 -0.424174 0.901797 -0.082697 -0.000000 0.009463 0.095728 0.995363 -0.000000 0.000000 0.000000 0.000000 1.000000
0.907113 0.418060 -0.048706 0.860324 -0.420783 0.903371 -0.082844 0.000000 0.009366 0.095643 0.995372 0.000000 0.000000 0.000000 0.000000 1.000000
0.907682 0.416840 -0.048549 0.860324 -0.419554 0.903937 -0.082897 0.000000 0.009331 0.095613 0.995375 -0.000000 0.000000 0.000000 0.000000 1.000000</float_array><technique_common><accessor source="#jnt_right_leg-Matrix-animation-output-transform-array" count="21" stride="16"><param type="float4x4"/></accessor></technique_common></source><source id="jnt_right_leg-Interpolations"><Name_array id="jnt_right_leg-Interpolations-array" count="21">
 LINEAR LINEAR LINEAR LINEAR LINEAR LINEAR LINEAR LINEAR LINEAR LINEAR LINEAR
LINEAR LINEAR LINEAR LINEAR LINEAR LINEAR LINEAR LINEAR LINEAR LINEAR</Name_array><technique_common><accessor source="#jnt_right_leg-Interpolations-array" count="21"><param type="name"/></accessor></technique_common></source><sampler id="jnt_right_leg-Matrix-animation-transform"><input semantic="INPUT" source="#jnt_right_leg-Matrix-animation-input"/><input semantic="OUTPUT" source="#jnt_right_leg-Matrix-animation-output-transform"/><input semantic="INTERPOLATION" source="#jnt_right_leg-Interpolations"/></sampler><channel source="#jnt_right_leg-Matrix-animation-transform" target="jnt_right_leg/matrix"/></animation></animation>
    <animation id="jnt_right_legroll-anim" name="jnt_right_legroll"><animation><source id="jnt_right_legroll-Matrix-animation-input"><float_array id="jnt_right_legroll-Matrix-animation-input-array" count="21">

0.000000 0.033333 0.066667 0.100000 0.133333 0.166667 0.200000 0.233333 0.266667 0.300000 0.333333 0.366667 0.400000 0.433333 0.466667 0.500000
0.533333 0.566667 0.600000 0.633333 0.666667</float_array><technique_common><accessor source="#jnt_right_legroll-Matrix-animation-input-array" count="21"><param name="TIME" type="float"/></accessor></technique_common></source><source id="jnt_right_legroll-Matrix-animation-output-transform"><float_array id="jnt_right_legroll-Matrix-animation-output-transform-array" count="336">

1.000000 0.000000 -0.000000 0.384000 0.000000 1.000000 0.000000 0.000000 0.000000 0.000000 1.000000 0.000000 0.000000 0.000000 0.000000 1.000000
1.000000 0.000000 0.000000 0.384000 -0.000000 1.000000 -0.000000 -0.000000 0.000000 -0.000000 1.000000 -0.000000 0.000000 0.000000 0.000000 1.000000
1.000000 0.000000 -0.000000 0.384000 -0.000000 1.000000 -0.000000 -0.000000 0.000000 0.000000 1.000000 0.000000 0.000000 0.000000 0.000000 1.000000
1.000000 0.000000 -0.000000 0.384000 0.000000 1.000000 0.000000 -0.000000 0.000000 0.000000 1.000000 -0.000000 0.000000 0.000000 0.000000 1.000000
1.000000 0.000000 0.000000 0.384000 0.000000 1.000000 -0.000000 -0.000000 -0.000000 0.000000 1.000000 0.000000 0.000000 0.000000 0.000000 1.000000
1.000000 0.000000 -0.000000 0.384000 -0.000000 1.000000 0.000000 -0.000000 0.000000 0.000000 1.000000 0.000000 0.000000 0.000000 0.000000 1.000000
1.000000 0.000000 0.000000 0.384000 0.000000 1.000000 0.000000 -0.000000 0.000000 0.000000 1.000000 0.000000 0.000000 0.000000 0.000000 1.000000
1.000000 -0.000000 0.000000 0.384000 0.000000 1.000000 0.000000 -0.000000 0.000000 -0.000000 1.000000 0.000000 0.000000 0.000000 0.000000 1.000000
1.000000 0.000000 -0.000000 0.384000 -0.000000 1.000000 -0.000000 -0.000000 0.000000 0.000000 1.000000 0.000000 0.000000 0.000000 0.000000 1.000000
1.000000 0.000000 0.000000 0.384000 0.000000 1.000000 -0.000000 0.000000 0.000000 -0.000000 1.000000 -0.000000 0.000000 0.000000 0.000000 1.000000
1.000000 -0.000000 -0.000000 0.384000 0.000000 1.000000 0.000000 -0.000000 -0.000000 -0.000000 1.000000 -0.000000 0.000000 0.000000 0.000000 1.000000
1.000000 0.000000 -0.000000 0.384000 -0.000000 1.000000 -0.000000 0.000000 0.000000 -0.000000 1.000000 0.000000 0.000000 0.000000 0.000000 1.000000
1.000000 -0.000000 0.000000 0.384000 0.000000 1.000000 0.000000 -0.000000 -0.000000 -0.000000 1.000000 0.000000 0.000000 0.000000 0.000000 1.000000
1.000000 0.000000 -0.000000 0.384000 -0.000000 1.000000 0.000000 -0.000000 -0.000000 0.000000 1.000000 0.000000 0.000000 0.000000 0.000000 1.000000
1.000000 0.000000 0.000000 0.384000 0.000000 1.000000 0.000000 0.000000 -0.000000 0.000000 1.000000 0.000000 0.000000 0.000000 0.000000 1.000000
1.000000 0.000000 -0.000000 0.384000 -0.000000 1.000000 0.000000 0.000000 0.000000 0.000000 1.000000 0.000000 0.000000 0.000000 0.000000 1.000000
1.000000 -0.000000 0.000000 0.384000 0.000000 1.000000 -0.000000 0.000000 0.000000 -0.000000 1.000000 -0.000000 0.000000 0.000000 0.000000 1.000000
1.000000 -0.000000 0.000000 0.384000 -0.000000 1.000000 0.000000 0.000000 0.000000 0.000000 1.000000 0.000000 0.000000 0.000000 0.000000 1.000000
1.000000 0.000000 -0.000000 0.384000 -0.000000 1.000000 0.000000 -0.000000 0.000000 -0.000000 1.000000 0.000000 0.000000 0.000000 0.000000 1.000000
1.000000 0.000000 -0.000000 0.384000 0.000000 1.000000 -0.000000 -0.000000 -0.000000 0.000000 1.000000 -0.000000 0.000000 0.000000 0.000000 1.000000
1.000000 0.000000 0.000000 0.384000 0.000000 1.000000 0.000000 -0.000000 -0.000000 0.000000 1.000000 0.000000 0.000000 0.000000 0.000000 1.000000</float_array><technique_common><accessor source="#jnt_right_legroll-Matrix-animation-output-transform-array" count="21" stride="16"><param type="float4x4"/></accessor></technique_common></source><source id="jnt_right_legroll-Interpolations"><Name_array id="jnt_right_legroll-Interpolations-array" count="21">
 LINEAR LINEAR LINEAR LINEAR LINEAR LINEAR LINEAR LINEAR LINEAR LINEAR LINEAR
LINEAR LINEAR LINEAR LINEAR LINEAR LINEAR LINEAR LINEAR LINEAR LINEAR</Name_array><technique_common><accessor source="#jnt_right_legroll-Interpolations-array" count="21"><param type="name"/></accessor></technique_common></source><sampler id="jnt_right_legroll-Matrix-animation-transform"><input semantic="INPUT" source="#jnt_right_legroll-Matrix-animation-input"/><input semantic="OUTPUT" source="#jnt_right_legroll-Matrix-animation-output-transform"/><input semantic="INTERPOLATION" source="#jnt_right_legroll-Interpolations"/></sampler><channel source="#jnt_right_legroll-Matrix-animation-transform" target="jnt_right_legroll/matrix"/></animation></animation>
    <animation id="jnt_right_foot-anim" name="jnt_right_foot"><animation><source id="jnt_right_foot-Matrix-animation-input"><float_array id="jnt_right_foot-Matrix-animation-input-array" count="21">

0.000000 0.033333 0.066667 0.100000 0.133333 0.166667 0.200000 0.233333 0.266667 0.300000 0.333333 0.366667 0.400000 0.433333 0.466667 0.500000
0.533333 0.566667 0.600000 0.633333 0.666667</float_array><technique_common><accessor source="#jnt_right_foot-Matrix-animation-input-array" count="21"><param name="TIME" type="float"/></accessor></technique_common></source><source id="jnt_right_foot-Matrix-animation-output-transform"><float_array id="jnt_right_foot-Matrix-animation-output-transform-array" count="336">

0.125471 -0.946433 0.297525 0.768145 0.984185 0.080942 -0.157569 0.000000 0.125047 0.312590 0.941621 0.000000 0.000000 0.000000 0.000000 1.000000
0.125620 -0.946592 0.296957 0.768145 0.984150 0.081136 -0.157686 -0.000000 0.125170 0.312059 0.941781 -0.000000 0.000000 0.000000 0.000000 1.000000
0.126518 -0.946963 0.295387 0.768145 0.983996 0.082140 -0.158130 -0.000000 0.125480 0.310666 0.942200 0.000000 0.000000 0.000000 0.000000 1.000000
0.128726 -0.947393 0.293045 0.768145 0.983658 0.084472 -0.159000 -0.000000 0.125881 0.308724 0.942785 -0.000000 0.000000 0.000000 0.000000 1.000000
0.131995 -0.947760 0.290393 0.768145 0.983173 0.087852 -0.160166 -0.000000 0.126288 0.306647 0.943408 0.000000 0.000000 0.000000 0.000000 1.000000
0.135170 -0.947995 0.288156 0.768145 0.982700 0.091106 -0.161246 0.000000 0.126608 0.304966 0.943910 -0.000000 0.000000 0.000000 0.000000 1.000000
0.136592 -0.948077 0.287214 0.768145 0.982486 0.092556 -0.161723 0.000000 0.126743 0.304274 0.944115 0.000000 0.000000 0.000000 0.000000 1.000000
0.136305 -0.948062 0.287401 0.768145 0.982528 0.092260 -0.161637 -0.000000 0.126726 0.304411 0.944073 0.000000 0.000000 0.000000 0.000000 1.000000
0.135518 -0.948018 0.287919 0.768145 0.982645 0.091454 -0.161385 0.000000 0.126665 0.304793 0.943958 0.000000 0.000000 0.000000 0.000000 1.000000
0.134362 -0.947945 0.288700 0.768145 0.982816 0.090269 -0.161009 0.000000 0.126567 0.305372 0.943784 -0.000000 0.000000 0.000000 0.000000 1.000000
0.132976 -0.947844 0.289670 0.768144 0.983021 0.088846 -0.160550 -0.000000 0.126441 0.306101 0.943565 0.000000 0.000000 0.000000 0.000000 1.000000
0.131494 -0.947717 0.290761 0.768145 0.983239 0.087319 -0.160050 0.000000 0.126293 0.306933 0.943314 0.000000 0.000000 0.000000 0.000000 1.000000
0.130039 -0.947566 0.291905 0.768145 0.983453 0.085815 -0.159547 -0.000000 0.126132 0.307822 0.943046 0.000000 0.000000 0.000000 0.000000 1.000000
0.128717 -0.947396 0.293040 0.768145 0.983649 0.084439 -0.159076 0.000000 0.125964 0.308725 0.942774 0.000000 0.000000 0.000000 0.000000 1.000000
0.127604 -0.947214 0.294115 0.768145 0.983815 0.083269 -0.158662 0.000000 0.125797 0.309600 0.942509 0.000000 0.000000 0.000000 0.000000 1.000000
0.126741 -0.947028 0.295086 0.768145 0.983947 0.082350 -0.158322 0.000000 0.125635 0.310415 0.942262 0.000000 0.000000 0.000000 0.000000 1.000000
0.126132 -0.946848 0.295922 0.768145 0.984044 0.081687 -0.158063 0.000000 0.125488 0.311137 0.942044 0.000000 0.000000 0.000000 0.000000 1.000000
0.125755 -0.946686 0.296598 0.768145 0.984109 0.081262 -0.157880 0.000000 0.125361 0.311739 0.941862 0.000000 0.000000 0.000000 0.000000 1.000000
0.125561 -0.946555 0.297098 0.768145 0.984146 0.081028 -0.157766 -0.000000 0.125261 0.312198 0.941723 0.000000 0.000000 0.000000 0.000000 1.000000
0.125481 -0.946468 0.297411 0.768145 0.984165 0.080922 -0.157705 -0.000000 0.125196 0.312490 0.941635 0.000000 0.000000 0.000000 0.000000 1.000000
0.125462 -0.946436 0.297519 0.768144 0.984170 0.080895 -0.157686 0.000000 0.125172 0.312593 0.941604 0.000000 0.000000 0.000000 0.000000 1.000000</float_array><technique_common><accessor source="#jnt_right_foot-Matrix-animation-output-transform-array" count="21" stride="16"><param type="float4x4"/></accessor></technique_common></source><source id="jnt_right_foot-Interpolations"><Name_array id="jnt_right_foot-Interpolations-array" count="21">
 LINEAR LINEAR LINEAR LINEAR LINEAR LINEAR LINEAR LINEAR LINEAR LINEAR LINEAR
LINEAR LINEAR LINEAR LINEAR LINEAR LINEAR LINEAR LINEAR LINEAR LINEAR</Name_array><technique_common><accessor source="#jnt_right_foot-Interpolations-array" count="21"><param type="name"/></accessor></technique_common></source><sampler id="jnt_right_foot-Matrix-animation-transform"><input semantic="INPUT" source="#jnt_right_foot-Matrix-animation-input"/><input semantic="OUTPUT" source="#jnt_right_foot-Matrix-animation-output-transform"/><input semantic="INTERPOLATION" source="#jnt_right_foot-Interpolations"/></sampler><channel source="#jnt_right_foot-Matrix-animation-transform" target="jnt_right_foot/matrix"/></animation></animation>
    <animation id="jnt_right_toebase-anim" name="jnt_right_toebase"><animation><source id="jnt_right_toebase-Matrix-animation-input"><float_array id="jnt_right_toebase-Matrix-animation-input-array" count="21">

0.000000 0.033333 0.066667 0.100000 0.133333 0.166667 0.200000 0.233333 0.266667 0.300000 0.333333 0.366667 0.400000 0.433333 0.466667 0.500000
0.533333 0.566667 0.600000 0.633333 0.666667</float_array><technique_common><accessor source="#jnt_right_toebase-Matrix-animation-input-array" count="21"><param name="TIME" type="float"/></accessor></technique_common></source><source id="jnt_right_toebase-Matrix-animation-output-transform"><float_array id="jnt_right_toebase-Matrix-animation-output-transform-array" count="336">

0.918954 -0.394364 -0.000122 0.441847 0.394364 0.918954 0.000314 -0.000000 -0.000012 -0.000337 1.000000 -0.000000 0.000000 0.000000 0.000000 1.000000
0.918954 -0.394364 -0.000122 0.441847 0.394364 0.918954 0.000314 -0.000000 -0.000012 -0.000337 1.000000 0.000000 0.000000 0.000000 0.000000 1.000000
0.918954 -0.394364 -0.000122 0.441847 0.394364 0.918954 0.000314 -0.000000 -0.000012 -0.000337 1.000000 0.000000 0.000000 0.000000 0.000000 1.000000
0.918954 -0.394364 -0.000122 0.441847 0.394364 0.918954 0.000315 -0.000000 -0.000012 -0.000337 1.000000 0.000000 0.000000 0.000000 0.000000 1.000000
0.918954 -0.394364 -0.000122 0.441847 0.394364 0.918954 0.000315 -0.000000 -0.000012 -0.000337 1.000000 0.000000 0.000000 0.000000 0.000000 1.000000
0.918954 -0.394364 -0.000122 0.441847 0.394364 0.918954 0.000315 -0.000000 -0.000012 -0.000337 1.000000 0.000000 0.000000 0.000000 0.000000 1.000000
0.918954 -0.394364 -0.000121 0.441847 0.394364 0.918954 0.000315 0.000000 -0.000013 -0.000337 1.000000 0.000000 0.000000 0.000000 0.000000 1.000000
0.918954 -0.394364 -0.000121 0.441847 0.394364 0.918954 0.000315 -0.000000 -0.000014 -0.000337 1.000000 0.000000 0.000000 0.000000 0.000000 1.000000
0.918954 -0.394364 -0.000120 0.441847 0.394364 0.918954 0.000315 -0.000000 -0.000014 -0.000337 1.000000 0.000000 0.000000 0.000000 0.000000 1.000000
0.918954 -0.394364 -0.000120 0.441847 0.394364 0.918954 0.000316 -0.000000 -0.000014 -0.000337 1.000000 0.000000 0.000000 0.000000 0.000000 1.000000
0.918954 -0.394364 -0.000120 0.441847 0.394364 0.918954 0.000316 0.000000 -0.000015 -0.000337 1.000000 0.000000 0.000000 0.000000 0.000000 1.000000
0.918954 -0.394364 -0.000119 0.441847 0.394364 0.918954 0.000316 -0.000000 -0.000015 -0.000337 1.000000 0.000000 0.000000 0.000000 0.000000 1.000000
0.918954 -0.394364 -0.000119 0.441847 0.394364 0.918954 0.000316 -0.000000 -0.000015 -0.000337 1.000000 0.000000 0.000000 0.000000 0.000000 1.000000
0.918954 -0.394364 -0.000119 0.441847 0.394364 0.918954 0.000316 -0.000000 -0.000016 -0.000337 1.000000 0.000000 0.000000 0.000000 0.000000 1.000000
0.918954 -0.394364 -0.000118 0.441847 0.394364 0.918954 0.000317 0.000000 -0.000016 -0.000338 1.000000 -0.000000 0.000000 0.000000 0.000000 1.000000
0.918954 -0.394364 -0.000118 0.441847 0.394364 0.918954 0.000317 -0.000000 -0.000016 -0.000338 1.000000 0.000000 0.000000 0.000000 0.000000 1.000000
0.918954 -0.394364 -0.000118 0.441847 0.394364 0.918954 0.000317 -0.000000 -0.000017 -0.000338 1.000000 0.000000 0.000000 0.000000 0.000000 1.000000
0.918954 -0.394364 -0.000118 0.441847 0.394364 0.918954 0.000317 -0.000000 -0.000017 -0.000338 1.000000 0.000000 0.000000 0.000000 0.000000 1.000000
0.918954 -0.394364 -0.000117 0.441847 0.394364 0.918954 0.000317 -0.000000 -0.000017 -0.000338 1.000000 -0.000000 0.000000 0.000000 0.000000 1.000000
0.918954 -0.394364 -0.000117 0.441847 0.394364 0.918954 0.000317 0.000000 -0.000017 -0.000338 1.000000 0.000000 0.000000 0.000000 0.000000 1.000000
0.918954 -0.394364 -0.000117 0.441847 0.394364 0.918954 0.000317 0.000000 -0.000018 -0.000338 1.000000 0.000000 0.000000 0.000000 0.000000 1.000000</float_array><technique_common><accessor source="#jnt_right_toebase-Matrix-animation-output-transform-array" count="21" stride="16"><param type="float4x4"/></accessor></technique_common></source><source id="jnt_right_toebase-Interpolations"><Name_array id="jnt_right_toebase-Interpolations-array" count="21">
 LINEAR LINEAR LINEAR LINEAR LINEAR LINEAR LINEAR LINEAR LINEAR LINEAR LINEAR
LINEAR LINEAR LINEAR LINEAR LINEAR LINEAR LINEAR LINEAR LINEAR LINEAR</Name_array><technique_common><accessor source="#jnt_right_toebase-Interpolations-array" count="21"><param type="name"/></accessor></technique_common></source><sampler id="jnt_right_toebase-Matrix-animation-transform"><input semantic="INPUT" source="#jnt_right_toebase-Matrix-animation-input"/><input semantic="OUTPUT" source="#jnt_right_toebase-Matrix-animation-output-transform"/><input semantic="INTERPOLATION" source="#jnt_right_toebase-Interpolations"/></sampler><channel source="#jnt_right_toebase-Matrix-animation-transform" target="jnt_right_toebase/matrix"/></animation></animation>
    <animation id="jnt_right_toeend-anim" name="jnt_right_toeend"><animation><source id="jnt_right_toeend-Matrix-animation-input"><float_array id="jnt_right_toeend-Matrix-animation-input-array" count="21">

0.000000 0.033333 0.066667 0.100000 0.133333 0.166667 0.200000 0.233333 0.266667 0.300000 0.333333 0.366667 0.400000 0.433333 0.466667 0.500000
0.533333 0.566667 0.600000 0.633333 0.666667</float_array><technique_common><accessor source="#jnt_right_toeend-Matrix-animation-input-array" count="21"><param name="TIME" type="float"/></accessor></technique_common></source><source id="jnt_right_toeend-Matrix-animation-output-transform"><float_array id="jnt_right_toeend-Matrix-animation-output-transform-array" count="336">

1.000000 -0.000000 0.000000 0.379397 0.000000 1.000000 0.000000 0.000000 -0.000000 0.000000 1.000000 -0.000000 0.000000 0.000000 0.000000 1.000000
1.000000 0.000000 -0.000000 0.379397 0.000000 1.000000 0.000000 0.000000 -0.000000 -0.000000 1.000000 0.000000 0.000000 0.000000 0.000000 1.000000
1.000000 -0.000000 -0.000000 0.379397 0.000000 1.000000 -0.000000 0.000000 -0.000000 -0.000000 1.000000 -0.000000 0.000000 0.000000 0.000000 1.000000
1.000000 -0.000000 0.000000 0.379397 0.000000 1.000000 0.000000 0.000000 -0.000000 0.000000 1.000000 0.000000 0.000000 0.000000 0.000000 1.000000
1.000000 0.000000 -0.000000 0.379397 0.000000 1.000000 0.000000 0.000000 -0.000000 -0.000000 1.000000 -0.000000 0.000000 0.000000 0.000000 1.000000
1.000000 0.000000 -0.000000 0.379397 0.000000 1.000000 0.000000 0.000000 -0.000000 -0.000000 1.000000 0.000000 0.000000 0.000000 0.000000 1.000000
1.000000 -0.000000 0.000000 0.379397 0.000000 1.000000 -0.000000 0.000000 0.000000 0.000000 1.000000 0.000000 0.000000 0.000000 0.000000 1.000000
1.000000 0.000000 -0.000000 0.379397 0.000000 1.000000 -0.000000 0.000000 0.000000 0.000000 1.000000 0.000000 0.000000 0.000000 0.000000 1.000000
1.000000 -0.000000 0.000000 0.379397 0.000000 1.000000 -0.000000 0.000000 0.000000 -0.000000 1.000000 0.000000 0.000000 0.000000 0.000000 1.000000
1.000000 -0.000000 -0.000000 0.379397 0.000000 1.000000 0.000000 0.000000 0.000000 0.000000 1.000000 0.000000 0.000000 0.000000 0.000000 1.000000
1.000000 0.000000 -0.000000 0.379397 0.000000 1.000000 0.000000 0.000000 0.000000 0.000000 1.000000 0.000000 0.000000 0.000000 0.000000 1.000000
1.000000 -0.000000 -0.000000 0.379397 0.000000 1.000000 0.000000 0.000000 -0.000000 -0.000000 1.000000 -0.000000 0.000000 0.000000 0.000000 1.000000
1.000000 -0.000000 0.000000 0.379397 0.000000 1.000000 0.000000 0.000000 0.000000 -0.000000 1.000000 -0.000000 0.000000 0.000000 0.000000 1.000000
1.000000 -0.000000 -0.000000 0.379397 -0.000000 1.000000 0.000000 0.000000 0.000000 0.000000 1.000000 0.000000 0.000000 0.000000 0.000000 1.000000
1.000000 0.000000 0.000000 0.379397 -0.000000 1.000000 0.000000 0.000000 -0.000000 0.000000 1.000000 0.000000 0.000000 0.000000 0.000000 1.000000
1.000000 -0.000000 0.000000 0.379397 0.000000 1.000000 -0.000000 0.000000 0.000000 0.000000 1.000000 -0.000000 0.000000 0.000000 0.000000 1.000000
1.000000 0.000000 0.000000 0.379397 0.000000 1.000000 -0.000000 0.000000 -0.000000 0.000000 1.000000 -0.000000 0.000000 0.000000 0.000000 1.000000
1.000000 0.000000 0.000000 0.379397 0.000000 1.000000 0.000000 0.000000 0.000000 0.000000 1.000000 -0.000000 0.000000 0.000000 0.000000 1.000000
1.000000 -0.000000 -0.000000 0.379397 -0.000000 1.000000 -0.000000 0.000000 0.000000 0.000000 1.000000 -0.000000 0.000000 0.000000 0.000000 1.000000
1.000000 -0.000000 0.000000 0.379397 -0.000000 1.000000 0.000000 0.000000 -0.000000 -0.000000 1.000000 -0.000000 0.000000 0.000000 0.000000 1.000000
1.000000 0.000000 -0.000000 0.379397 0.000000 1.000000 0.000000 0.000000 0.000000 0.000000 1.000000 0.000000 0.000000 0.000000 0.000000 1.000000</float_array><technique_common><accessor source="#jnt_right_toeend-Matrix-animation-output-transform-array" count="21" stride="16"><param type="float4x4"/></accessor></technique_common></source><source id="jnt_right_toeend-Interpolations"><Name_array id="jnt_right_toeend-Interpolations-array" count="21">
 LINEAR LINEAR LINEAR LINEAR LINEAR LINEAR LINEAR LINEAR LINEAR LINEAR LINEAR
LINEAR LINEAR LINEAR LINEAR LINEAR LINEAR LINEAR LINEAR LINEAR LINEAR</Name_array><technique_common><accessor source="#jnt_right_toeend-Interpolations-array" count="21"><param type="name"/></accessor></technique_common></source><sampler id="jnt_right_toeend-Matrix-animation-transform"><input semantic="INPUT" source="#jnt_right_toeend-Matrix-animation-input"/><input semantic="OUTPUT" source="#jnt_right_toeend-Matrix-animation-output-transform"/><input semantic="INTERPOLATION" source="#jnt_right_toeend-Interpolations"/></sampler><channel source="#jnt_right_toeend-Matrix-animation-transform" target="jnt_right_toeend/matrix"/></animation></animation>
    <animation id="jnt_left_upleg-anim" name="jnt_left_upleg"><animation><source id="jnt_left_upleg-Matrix-animation-input"><float_array id="jnt_left_upleg-Matrix-animation-input-array" count="21">

0.000000 0.033333 0.066667 0.100000 0.133333 0.166667 0.200000 0.233333 0.266667 0.300000 0.333333 0.366667 0.400000 0.433333 0.466667 0.500000
