<?xml version="1.0" encoding="utf-8"?>
<COLLADA xmlns="http://www.collada.org/2005/11/COLLADASchema" version="1.4.1">
  <asset><contributor><author></author><authoring_tool>FBX COLLADA exporter</authoring_tool><comments></comments></contributor><created>2018-05-09T12:31:56Z</created><keywords></keywords><modified>2018-05-09T12:31:56Z</modified><revision></revision><subject></subject><title></title><unit meter="0.010000" name="centimeter"></unit><up_axis>Y_UP</up_axis></asset>
  <library_animations>
    <animation id="jnt_hips-anim" name="jnt_hips"><animation><source id="jnt_hips-Matrix-animation-input"><float_array id="jnt_hips-Matrix-animation-input-array" count="21">

0.000000 0.033333 0.066667 0.100000 0.133333 0.166667 0.200000 0.233333 0.266667 0.300000 0.333333 0.366667 0.400000 0.433333 0.466667 0.500000
0.533333 0.566667 0.600000 0.633333 0.666667</float_array><technique_common><accessor source="#jnt_hips-Matrix-animation-input-array" count="21"><param name="TIME" type="float"/></accessor></technique_common></source><source id="jnt_hips-Matrix-animation-output-transform"><float_array id="jnt_hips-Matrix-animation-output-transform-array" count="336">

0.961460 -0.010974 -0.274724 0.005653 -0.002571 0.998800 -0.048898 1.940700 0.274931 0.047720 0.960279 -0.246250 0.000000 0.000000 0.000000 1.000000
0.961460 -0.010974 -0.274724 0.005653 -0.002571 0.998800 -0.048898 1.940700 0.274931 0.047720 0.960279 -0.246250 0.000000 0.000000 0.000000 1.000000
0.961460 -0.010974 -0.274724 0.005653 -0.002571 0.998800 -0.048898 1.940700 0.274931 0.047720 0.960279 -0.246250 0.000000 0.000000 0.000000 1.000000
0.961460 -0.010974 -0.274724 0.005653 -0.002571 0.998800 -0.048898 1.940700 0.274931 0.047720 0.960279 -0.246250 0.000000 0.000000 0.000000 1.000000
0.961460 -0.010974 -0.274724 0.005653 -0.002571 0.998800 -0.048898 1.940700 0.274931 0.047720 0.960279 -0.246250 0.000000 0.000000 0.000000 1.000000
0.961460 -0.010974 -0.274724 0.005653 -0.002571 0.998800 -0.048898 1.940700 0.274931 0.047720 0.960279 -0.246250 0.000000 0.000000 0.000000 1.000000
0.961460 -0.010974 -0.274724 0.005653 -0.002571 0.998800 -0.048898 1.940700 0.274931 0.047720 0.960279 -0.246250 0.000000 0.000000 0.000000 1.000000
0.961460 -0.010974 -0.274724 0.005653 -0.002571 0.998800 -0.048898 1.940700 0.274931 0.047720 0.960279 -0.246250 0.000000 0.000000 0.000000 1.000000
0.961460 -0.010974 -0.274724 0.005653 -0.002571 0.998800 -0.048898 1.940700 0.274931 0.047720 0.960279 -0.246250 0.000000 0.000000 0.000000 1.000000
0.961460 -0.010974 -0.274724 0.005653 -0.002571 0.998800 -0.048898 1.940700 0.274931 0.047720 0.960279 -0.246250 0.000000 0.000000 0.000000 1.000000
0.961460 -0.010974 -0.274724 0.005653 -0.002571 0.998800 -0.048898 1.940700 0.274931 0.047720 0.960279 -0.246250 0.000000 0.000000 0.000000 1.000000
0.961460 -0.010974 -0.274724 0.005653 -0.002571 0.998800 -0.048898 1.940700 0.274931 0.047720 0.960279 -0.246250 0.000000 0.000000 0.000000 1.000000
0.961460 -0.010974 -0.274724 0.005653 -0.002571 0.998800 -0.048898 1.940700 0.274931 0.047720 0.960279 -0.246250 0.000000 0.000000 0.000000 1.000000
0.961460 -0.010974 -0.274724 0.005653 -0.002571 0.998800 -0.048898 1.940700 0.274931 0.047720 0.960279 -0.246250 0.000000 0.000000 0.000000 1.000000
0.961460 -0.010974 -0.274724 0.005653 -0.002571 0.998800 -0.048898 1.940700 0.274931 0.047720 0.960279 -0.246250 0.000000 0.000000 0.000000 1.000000
0.961460 -0.010974 -0.274724 0.005653 -0.002571 0.998800 -0.048898 1.940700 0.274931 0.047720 0.960279 -0.246250 0.000000 0.000000 0.000000 1.000000
0.961460 -0.010974 -0.274724 0.005653 -0.002571 0.998800 -0.048898 1.940700 0.274931 0.047720 0.960279 -0.246250 0.000000 0.000000 0.000000 1.000000
0.961460 -0.010974 -0.274724 0.005653 -0.002571 0.998800 -0.048898 1.940700 0.274931 0.047720 0.960279 -0.246250 0.000000 0.000000 0.000000 1.000000
0.961460 -0.010974 -0.274724 0.005653 -0.002571 0.998800 -0.048898 1.940700 0.274931 0.047720 0.960279 -0.246250 0.000000 0.000000 0.000000 1.000000
0.961460 -0.010974 -0.274724 0.005653 -0.002571 0.998800 -0.048898 1.940700 0.274931 0.047720 0.960279 -0.246250 0.000000 0.000000 0.000000 1.000000
0.961460 -0.010974 -0.274724 0.005653 -0.002571 0.998800 -0.048898 1.940700 0.274931 0.047720 0.960279 -0.246250 0.000000 0.000000 0.000000 1.000000</float_array><technique_common><accessor source="#jnt_hips-Matrix-animation-output-transform-array" count="21" stride="16"><param type="float4x4"/></accessor></technique_common></source><source id="jnt_hips-Interpolations"><Name_array id="jnt_hips-Interpolations-array" count="21">
 LINEAR LINEAR LINEAR LINEAR LINEAR LINEAR LINEAR LINEAR LINEAR LINEAR LINEAR
LINEAR LINEAR LINEAR LINEAR LINEAR LINEAR LINEAR LINEAR LINEAR LINEAR</Name_array><technique_common><accessor source="#jnt_hips-Interpolations-array" count="21"><param type="name"/></accessor></technique_common></source><sampler id="jnt_hips-Matrix-animation-transform"><input semantic="INPUT" source="#jnt_hips-Matrix-animation-input"/><input semantic="OUTPUT" source="#jnt_hips-Matrix-animation-output-transform"/><input semantic="INTERPOLATION" source="#jnt_hips-Interpolations"/></sampler><channel source="#jnt_hips-Matrix-animation-transform" target="jnt_hips/matrix"/></animation></animation>
    <animation id="jnt_right_upleg-anim" name="jnt_right_upleg"><animation><source id="jnt_right_upleg-Matrix-animation-input"><float_array id="jnt_right_upleg-Matrix-animation-input-array" count="21">

0.000000 0.033333 0.066667 0.100000 0.133333 0.166667 0.200000 0.233333 0.266667 0.300000 0.333333 0.366667 0.400000 0.433333 0.466667 0.500000
0.533333 0.566667 0.600000 0.633333 0.666667</float_array><technique_common><accessor source="#jnt_right_upleg-Matrix-animation-input-array" count="21"><param name="TIME" type="float"/></accessor></technique_common></source><source id="jnt_right_upleg-Matrix-animation-output-transform"><float_array id="jnt_right_upleg-Matrix-animation-output-transform-array" count="336">

-0.156108 -0.161848 -0.974390 -0.446780 -0.987699 0.034554 0.152500 -0.111215 0.008987 0.986210 -0.165252 0.043020 0.000000 0.000000 0.000000 1.000000
-0.156108 -0.161848 -0.974390 -0.446780 -0.987699 0.034554 0.152501 -0.111215 0.008987 0.986211 -0.165251 0.043020 0.000000 0.000000 0.000000 1.000000
-0.156107 -0.161846 -0.974390 -0.446780 -0.987699 0.034553 0.152500 -0.111215 0.008987 0.986211 -0.165249 0.043020 0.000000 0.000000 0.000000 1.000000
-0.156107 -0.161842 -0.974391 -0.446780 -0.987699 0.034552 0.152500 -0.111215 0.008986 0.986212 -0.165245 0.043020 0.000000 0.000000 0.000000 1.000000
-0.156107 -0.161838 -0.974392 -0.446780 -0.987699 0.034552 0.152500 -0.111215 0.008987 0.986212 -0.165241 0.043020 0.000000 0.000000 0.000000 1.000000
-0.156106 -0.161833 -0.974393 -0.446780 -0.987699 0.034550 0.152500 -0.111215 0.008986 0.986213 -0.165236 0.043020 0.000000 0.000000 0.000000 1.000000
-0.156106 -0.161827 -0.974394 -0.446780 -0.987699 0.034550 0.152500 -0.111215 0.008987 0.986214 -0.165230 0.043020 0.000000 0.000000 0.000000 1.000000
-0.156106 -0.161820 -0.974395 -0.446780 -0.987699 0.034550 0.152499 -0.111215 0.008988 0.986215 -0.165223 0.043020 0.000000 0.000000 0.000000 1.000000
-0.156104 -0.161814 -0.974396 -0.446780 -0.987700 0.034545 0.152499 -0.111215 0.008984 0.986216 -0.165216 0.043020 0.000000 0.000000 0.000000 1.000000
-0.156104 -0.161807 -0.974397 -0.446780 -0.987700 0.034544 0.152499 -0.111215 0.008984 0.986218 -0.165209 0.043020 0.000000 0.000000 0.000000 1.000000
-0.156103 -0.161799 -0.974399 -0.446780 -0.987700 0.034543 0.152498 -0.111215 0.008985 0.986219 -0.165201 0.043020 0.000000 0.000000 0.000000 1.000000
-0.156103 -0.161792 -0.974400 -0.446780 -0.987700 0.034542 0.152498 -0.111215 0.008984 0.986220 -0.165194 0.043020 0.000000 0.000000 0.000000 1.000000
-0.156102 -0.161785 -0.974401 -0.446780 -0.987700 0.034540 0.152498 -0.111215 0.008984 0.986221 -0.165186 0.043020 0.000000 0.000000 0.000000 1.000000
-0.156102 -0.161778 -0.974402 -0.446780 -0.987700 0.034537 0.152498 -0.111215 0.008983 0.986223 -0.165179 0.043020 0.000000 0.000000 0.000000 1.000000
-0.156101 -0.161771 -0.974404 -0.446780 -0.987700 0.034537 0.152497 -0.111215 0.008984 0.986224 -0.165173 0.043020 0.000000 0.000000 0.000000 1.000000
-0.156101 -0.161765 -0.974405 -0.446780 -0.987700 0.034536 0.152497 -0.111215 0.008983 0.986225 -0.165167 0.043020 0.000000 0.000000 0.000000 1.000000
-0.156100 -0.161761 -0.974406 -0.446780 -0.987700 0.034533 0.152497 -0.111215 0.008981 0.986226 -0.165162 0.043020 0.000000 0.000000 0.000000 1.000000
-0.156099 -0.161756 -0.974406 -0.446780 -0.987701 0.034531 0.152497 -0.111215 0.008980 0.986226 -0.165157 0.043020 0.000000 0.000000 0.000000 1.000000
-0.156099 -0.161753 -0.974407 -0.446780 -0.987701 0.034530 0.152497 -0.111215 0.008980 0.986227 -0.165154 0.043020 0.000000 0.000000 0.000000 1.000000
-0.156099 -0.161751 -0.974407 -0.446780 -0.987701 0.034530 0.152497 -0.111215 0.008980 0.986227 -0.165152 0.043020 0.000000 0.000000 0.000000 1.000000
-0.156099 -0.161750 -0.974407 -0.446780 -0.987701 0.034531 0.152497 -0.111215 0.008981 0.986227 -0.165151 0.043020 0.000000 0.000000 0.000000 1.000000</float_array><technique_common><accessor source="#jnt_right_upleg-Matrix-animation-output-transform-array" count="21" stride="16"><param type="float4x4"/></accessor></technique_common></source><source id="jnt_right_upleg-Interpolations"><Name_array id="jnt_right_upleg-Interpolations-array" count="21">
 LINEAR LINEAR LINEAR LINEAR LINEAR LINEAR LINEAR LINEAR LINEAR LINEAR LINEAR
LINEAR LINEAR LINEAR LINEAR LINEAR LINEAR LINEAR LINEAR LINEAR LINEAR</Name_array><technique_common><accessor source="#jnt_right_upleg-Interpolations-array" count="21"><param type="name"/></accessor></technique_common></source><sampler id="jnt_right_upleg-Matrix-animation-transform"><input semantic="INPUT" source="#jnt_right_upleg-Matrix-animation-input"/><input semantic="OUTPUT" source="#jnt_right_upleg-Matrix-animation-output-transform"/><input semantic="INTERPOLATION" source="#jnt_right_upleg-Interpolations"/></sampler><channel source="#jnt_right_upleg-Matrix-animation-transform" target="jnt_right_upleg/matrix"/></animation></animation>
    <animation id="jnt_right_uplegroll-anim" name="jnt_right_uplegroll"><animation><source id="jnt_right_uplegroll-Matrix-animation-input"><float_array id="jnt_right_uplegroll-Matrix-animation-input-array" count="21">

0.000000 0.033333 0.066667 0.100000 0.133333 0.166667 0.200000 0.233333 0.266667 0.300000 0.333333 0.366667 0.400000 0.433333 0.466667 0.500000
0.533333 0.566667 0.600000 0.633333 0.666667</float_array><technique_common><accessor source="#jnt_right_uplegroll-Matrix-animation-input-array" count="21"><param name="TIME" type="float"/></accessor></technique_common></source><source id="jnt_right_uplegroll-Matrix-animation-output-transform"><float_array id="jnt_right_uplegroll-Matrix-animation-output-transform-array" count="336">

1.000000 0.000000 0.000000 0.430001 0.000000 1.000000 -0.000000 0.000000 0.000000 0.000000 1.000000 0.000000 0.000000 0.000000 0.000000 1.000000
1.000000 0.000000 -0.000000 0.430000 -0.000000 1.000000 -0.000000 -0.000000 -0.000000 0.000000 1.000000 -0.000000 0.000000 0.000000 0.000000 1.000000
1.000000 0.000000 0.000000 0.430000 0.000000 1.000000 0.000000 0.000000 0.000000 0.000000 1.000000 0.000000 0.000000 0.000000 0.000000 1.000000
1.000000 0.000000 -0.000000 0.430000 0.000000 1.000000 -0.000000 0.000000 0.000000 -0.000000 1.000000 0.000000 0.000000 0.000000 0.000000 1.000000
1.000000 0.000000 -0.000000 0.430000 0.000000 1.000000 0.000000 0.000000 -0.000000 0.000000 1.000000 0.000000 0.000000 0.000000 0.000000 1.000000
1.000000 0.000000 -0.000000 0.430000 0.000000 1.000000 0.000000 0.000000 0.000000 0.000000 1.000000 0.000000 0.000000 0.000000 0.000000 1.000000
1.000000 -0.000000 0.000000 0.430000 0.000000 1.000000 0.000000 0.000000 -0.000000 -0.000000 1.000000 0.000000 0.000000 0.000000 0.000000 1.000000
1.000000 -0.000000 -0.000000 0.430000 0.000000 1.000000 0.000000 0.000000 0.000000 0.000000 1.000000 0.000000 0.000000 0.000000 0.000000 1.000000
1.000000 0.000000 0.000000 0.430000 0.000000 1.000000 0.000000 0.000000 -0.000000 -0.000000 1.000000 0.000000 0.000000 0.000000 0.000000 1.000000
1.000000 -0.000000 0.000000 0.430000 -0.000000 1.000000 -0.000000 0.000000 -0.000000 -0.000000 1.000000 0.000000 0.000000 0.000000 0.000000 1.000000
1.000000 0.000000 0.000000 0.430000 0.000000 1.000000 0.000000 0.000000 -0.000000 0.000000 1.000000 0.000000 0.000000 0.000000 0.000000 1.000000
1.000000 0.000000 -0.000000 0.430000 -0.000000 1.000000 -0.000000 0.000000 0.000000 0.000000 1.000000 0.000000 0.000000 0.000000 0.000000 1.000000
1.000000 0.000000 -0.000000 0.430000 -0.000000 1.000000 0.000000 0.000000 -0.000000 -0.000000 1.000000 0.000000 0.000000 0.000000 0.000000 1.000000
1.000000 0.000000 0.000000 0.430000 0.000000 1.000000 -0.000000 -0.000000 0.000000 -0.000000 1.000000 -0.000000 0.000000 0.000000 0.000000 1.000000
1.000000 -0.000000 0.000000 0.430001 -0.000000 1.000000 0.000000 0.000000 -0.000000 0.000000 1.000000 -0.000000 0.000000 0.000000 0.000000 1.000000
1.000000 0.000000 -0.000000 0.430000 -0.000000 1.000000 0.000000 0.000000 -0.000000 0.000000 1.000000 0.000000 0.000000 0.000000 0.000000 1.000000
1.000000 -0.000000 0.000000 0.430000 -0.000000 1.000000 -0.000000 0.000000 -0.000000 0.000000 1.000000 0.000000 0.000000 0.000000 0.000000 1.000000
1.000000 -0.000000 0.000000 0.430000 -0.000000 1.000000 0.000000 0.000000 0.000000 0.000000 1.000000 0.000000 0.000000 0.000000 0.000000 1.000000
1.000000 0.000000 -0.000000 0.430000 0.000000 1.000000 0.000000 0.000000 0.000000 -0.000000 1.000000 0.000000 0.000000 0.000000 0.000000 1.000000
1.000000 0.000000 0.000000 0.430000 -0.000000 1.000000 0.000000 -0.000000 0.000000 -0.000000 1.000000 0.000000 0.000000 0.000000 0.000000 1.000000
1.000000 -0.000000 -0.000000 0.430000 0.000000 1.000000 -0.000000 0.000000 -0.000000 0.000000 1.000000 -0.000000 0.000000 0.000000 0.000000 1.000000</float_array><technique_common><accessor source="#jnt_right_uplegroll-Matrix-animation-output-transform-array" count="21" stride="16"><param type="float4x4"/></accessor></technique_common></source><source id="jnt_right_uplegroll-Interpolations"><Name_array id="jnt_right_uplegroll-Interpolations-array" count="21">
 LINEAR LINEAR LINEAR LINEAR LINEAR LINEAR LINEAR LINEAR LINEAR LINEAR LINEAR
LINEAR LINEAR LINEAR LINEAR LINEAR LINEAR LINEAR LINEAR LINEAR LINEAR</Name_array><technique_common><accessor source="#jnt_right_uplegroll-Interpolations-array" count="21"><param type="name"/></accessor></technique_common></source><sampler id="jnt_right_uplegroll-Matrix-animation-transform"><input semantic="INPUT" source="#jnt_right_uplegroll-Matrix-animation-input"/><input semantic="OUTPUT" source="#jnt_right_uplegroll-Matrix-animation-output-transform"/><input semantic="INTERPOLATION" source="#jnt_right_uplegroll-Interpolations"/></sampler><channel source="#jnt_right_uplegroll-Matrix-animation-transform" target="jnt_right_uplegroll/matrix"/></animation></animation>
    <animation id="jnt_right_leg-anim" name="jnt_right_leg"><animation><source id="jnt_right_leg-Matrix-animation-input"><float_array id="jnt_right_leg-Matrix-animation-input-array" count="21">

0.000000 0.033333 0.066667 0.100000 0.133333 0.166667 0.200000 0.233333 0.266667 0.300000 0.333333 0.366667 0.400000 0.433333 0.466667 0.500000
0.533333 0.566667 0.600000 0.633333 0.666667</float_array><technique_common><accessor source="#jnt_right_leg-Matrix-animation-input-array" count="21"><param name="TIME" type="float"/></accessor></technique_common></source><source id="jnt_right_leg-Matrix-animation-output-transform"><float_array id="jnt_right_leg-Matrix-animation-output-transform-array" count="336">

0.907682 0.416841 -0.048550 0.860324 -0.419555 0.903937 -0.082897 -0.000000 0.009331 0.095613 0.995375 0.000000 0.000000 0.000000 0.000000 1.000000
0.907682 0.416840 -0.048550 0.860324 -0.419554 0.903937 -0.082898 -0.000000 0.009331 0.095615 0.995375 -0.000000 0.000000 0.000000 0.000000 1.000000
0.907682 0.416840 -0.048552 0.860324 -0.419554 0.903937 -0.082903 0.000000 0.009331 0.095619 0.995374 0.000000 0.000000 0.000000 0.000000 1.000000
0.907683 0.416838 -0.048554 0.860324 -0.419553 0.903937 -0.082910 0.000000 0.009329 0.095627 0.995374 0.000000 0.000000 0.000000 0.000000 1.000000
0.907682 0.416839 -0.048557 0.860324 -0.419554 0.903935 -0.082919 0.000000 0.009328 0.095637 0.995373 0.000000 0.000000 0.000000 0.000000 1.000000
0.907684 0.416836 -0.048560 0.860324 -0.419551 0.903936 -0.082930 0.000000 0.009327 0.095648 0.995372 0.000000 0.000000 0.000000 0.000000 1.000000
0.907683 0.416838 -0.048564 0.860324 -0.419553 0.903933 -0.082943 0.000000 0.009325 0.095661 0.995370 0.000000 0.000000 0.000000 0.000000 1.000000
0.907682 0.416839 -0.048569 0.860324 -0.419556 0.903931 -0.082957 0.000000 0.009324 0.095676 0.995369 0.000000 0.000000 0.000000 0.000000 1.000000
0.907685 0.416832 -0.048573 0.860324 -0.419549 0.903933 -0.082972 0.000000 0.009321 0.095691 0.995367 0.000000 0.000000 0.000000 0.000000 1.000000
0.907685 0.416830 -0.048578 0.860324 -0.419548 0.903932 -0.082988 0.000000 0.009319 0.095707 0.995366 0.000000 0.000000 0.000000 0.000000 1.000000
0.907685 0.416831 -0.048583 0.860324 -0.419549 0.903930 -0.083003 0.000000 0.009317 0.095724 0.995364 0.000000 0.000000 0.000000 0.000000 1.000000
0.907685 0.416829 -0.048588 0.860325 -0.419548 0.903929 -0.083019 0.000000 0.009315 0.095740 0.995363 -0.000000 0.000000 0.000000 0.000000 1.000000
0.907686 0.416827 -0.048593 0.860324 -0.419547 0.903928 -0.083035 0.000000 0.009313 0.095756 0.995361 0.000000 0.000000 0.000000 0.000000 1.000000
0.907687 0.416825 -0.048597 0.860324 -0.419545 0.903927 -0.083050 0.000000 0.009311 0.095772 0.995360 -0.000000 0.000000 0.000000 0.000000 1.000000
0.907686 0.416826 -0.048602 0.860324 -0.419547 0.903925 -0.083064 0.000000 0.009309 0.095786 0.995358 0.000000 0.000000 0.000000 0.000000 1.000000
0.907687 0.416824 -0.048606 0.860324 -0.419546 0.903925 -0.083076 0.000000 0.009308 0.095800 0.995357 0.000000 0.000000 0.000000 0.000000 1.000000
0.907689 0.416820 -0.048609 0.860324 -0.419541 0.903926 -0.083088 0.000000 0.009306 0.095811 0.995356 0.000000 0.000000 0.000000 0.000000 1.000000
0.907689 0.416818 -0.048612 0.860324 -0.419540 0.903926 -0.083097 0.000000 0.009305 0.095821 0.995355 0.000000 0.000000 0.000000 0.000000 1.000000
0.907690 0.416817 -0.048614 0.860324 -0.419539 0.903925 -0.083104 0.000000 0.009304 0.095828 0.995354 0.000000 0.000000 0.000000 0.000000 1.000000
0.907689 0.416818 -0.048615 0.860324 -0.419540 0.903924 -0.083108 -0.000000 0.009303 0.095833 0.995354 0.000000 0.000000 0.000000 0.000000 1.000000
0.907689 0.416818 -0.048616 0.860324 -0.419540 0.903924 -0.083110 0.000000 0.009303 0.095834 0.995354 -0.000000 0.000000 0.000000 0.000000 1.000000</float_array><technique_common><accessor source="#jnt_right_leg-Matrix-animation-output-transform-array" count="21" stride="16"><param type="float4x4"/></accessor></technique_common></source><source id="jnt_right_leg-Interpolations"><Name_array id="jnt_right_leg-Interpolations-array" count="21">
 LINEAR LINEAR LINEAR LINEAR LINEAR LINEAR LINEAR LINEAR LINEAR LINEAR LINEAR
LINEAR LINEAR LINEAR LINEAR LINEAR LINEAR LINEAR LINEAR LINEAR LINEAR</Name_array><technique_common><accessor source="#jnt_right_leg-Interpolations-array" count="21"><param type="name"/></accessor></technique_common></source><sampler id="jnt_right_leg-Matrix-animation-transform"><input semantic="INPUT" source="#jnt_right_leg-Matrix-animation-input"/><input semantic="OUTPUT" source="#jnt_right_leg-Matrix-animation-output-transform"/><input semantic="INTERPOLATION" source="#jnt_right_leg-Interpolations"/></sampler><channel source="#jnt_right_leg-Matrix-animation-transform" target="jnt_right_leg/matrix"/></animation></animation>
    <animation id="jnt_right_legroll-anim" name="jnt_right_legroll"><animation><source id="jnt_right_legroll-Matrix-animation-input"><float_array id="jnt_right_legroll-Matrix-animation-input-array" count="21">

0.000000 0.033333 0.066667 0.100000 0.133333 0.166667 0.200000 0.233333 0.266667 0.300000 0.333333 0.366667 0.400000 0.433333 0.466667 0.500000
0.533333 0.566667 0.600000 0.633333 0.666667</float_array><technique_common><accessor source="#jnt_right_legroll-Matrix-animation-input-array" count="21"><param name="TIME" type="float"/></accessor></technique_common></source><source id="jnt_right_legroll-Matrix-animation-output-transform"><float_array id="jnt_right_legroll-Matrix-animation-output-transform-array" count="336">

1.000000 0.000000 0.000000 0.384000 0.000000 1.000000 0.000000 -0.000000 0.000000 0.000000 1.000000 0.000000 0.000000 0.000000 0.000000 1.000000
1.000000 0.000000 0.000000 0.384000 0.000000 1.000000 -0.000000 -0.000000 -0.000000 0.000000 1.000000 0.000000 0.000000 0.000000 0.000000 1.000000
1.000000 -0.000000 0.000000 0.384000 -0.000000 1.000000 0.000000 -0.000000 0.000000 -0.000000 1.000000 0.000000 0.000000 0.000000 0.000000 1.000000
1.000000 -0.000000 0.000000 0.384000 0.000000 1.000000 0.000000 0.000000 -0.000000 0.000000 1.000000 0.000000 0.000000 0.000000 0.000000 1.000000
1.000000 -0.000000 0.000000 0.384000 0.000000 1.000000 0.000000 0.000000 0.000000 -0.000000 1.000000 0.000000 0.000000 0.000000 0.000000 1.000000
1.000000 0.000000 -0.000000 0.384000 0.000000 1.000000 -0.000000 -0.000000 0.000000 0.000000 1.000000 0.000000 0.000000 0.000000 0.000000 1.000000
1.000000 0.000000 0.000000 0.384000 0.000000 1.000000 0.000000 0.000000 0.000000 0.000000 1.000000 -0.000000 0.000000 0.000000 0.000000 1.000000
1.000000 0.000000 0.000000 0.384000 0.000000 1.000000 -0.000000 -0.000000 0.000000 0.000000 1.000000 0.000000 0.000000 0.000000 0.000000 1.000000
1.000000 0.000000 0.000000 0.384000 0.000000 1.000000 0.000000 -0.000000 0.000000 -0.000000 1.000000 0.000000 0.000000 0.000000 0.000000 1.000000
1.000000 -0.000000 0.000000 0.384000 0.000000 1.000000 0.000000 -0.000000 -0.000000 0.000000 1.000000 0.000000 0.000000 0.000000 0.000000 1.000000
1.000000 0.000000 -0.000000 0.384000 0.000000 1.000000 0.000000 -0.000000 0.000000 0.000000 1.000000 0.000000 0.000000 0.000000 0.000000 1.000000
1.000000 -0.000000 0.000000 0.384000 0.000000 1.000000 0.000000 -0.000000 0.000000 0.000000 1.000000 0.000000 0.000000 0.000000 0.000000 1.000000
1.000000 -0.000000 0.000000 0.384000 0.000000 1.000000 0.000000 0.000000 0.000000 -0.000000 1.000000 0.000000 0.000000 0.000000 0.000000 1.000000
1.000000 -0.000000 0.000000 0.384000 0.000000 1.000000 0.000000 0.000000 -0.000000 0.000000 1.000000 0.000000 0.000000 0.000000 0.000000 1.000000
1.000000 -0.000000 0.000000 0.384000 -0.000000 1.000000 0.000000 -0.000000 0.000000 0.000000 1.000000 0.000000 0.000000 0.000000 0.000000 1.000000
1.000000 -0.000000 0.000000 0.384000 -0.000000 1.000000 -0.000000 -0.000000 -0.000000 -0.000000 1.000000 -0.000000 0.000000 0.000000 0.000000 1.000000
1.000000 0.000000 0.000000 0.384000 0.000000 1.000000 0.000000 -0.000000 -0.000000 0.000000 1.000000 0.000000 0.000000 0.000000 0.000000 1.000000
1.000000 0.000000 0.000000 0.384000 0.000000 1.000000 0.000000 -0.000000 0.000000 0.000000 1.000000 0.000000 0.000000 0.000000 0.000000 1.000000
1.000000 0.000000 0.000000 0.384000 0.000000 1.000000 0.000000 0.000000 0.000000 0.000000 1.000000 0.000000 0.000000 0.000000 0.000000 1.000000
1.000000 0.000000 -0.000000 0.384000 0.000000 1.000000 0.000000 0.000000 -0.000000 -0.000000 1.000000 0.000000 0.000000 0.000000 0.000000 1.000000
1.000000 0.000000 -0.000000 0.384000 -0.000000 1.000000 0.000000 0.000000 0.000000 0.000000 1.000000 0.000000 0.000000 0.000000 0.000000 1.000000</float_array><technique_common><accessor source="#jnt_right_legroll-Matrix-animation-output-transform-array" count="21" stride="16"><param type="float4x4"/></accessor></technique_common></source><source id="jnt_right_legroll-Interpolations"><Name_array id="jnt_right_legroll-Interpolations-array" count="21">
 LINEAR LINEAR LINEAR LINEAR LINEAR LINEAR LINEAR LINEAR LINEAR LINEAR LINEAR
LINEAR LINEAR LINEAR LINEAR LINEAR LINEAR LINEAR LINEAR LINEAR LINEAR</Name_array><technique_common><accessor source="#jnt_right_legroll-Interpolations-array" count="21"><param type="name"/></accessor></technique_common></source><sampler id="jnt_right_legroll-Matrix-animation-transform"><input semantic="INPUT" source="#jnt_right_legroll-Matrix-animation-input"/><input semantic="OUTPUT" source="#jnt_right_legroll-Matrix-animation-output-transform"/><input semantic="INTERPOLATION" source="#jnt_right_legroll-Interpolations"/></sampler><channel source="#jnt_right_legroll-Matrix-animation-transform" target="jnt_right_legroll/matrix"/></animation></animation>
    <animation id="jnt_right_foot-anim" name="jnt_right_foot"><animation><source id="jnt_right_foot-Matrix-animation-input"><float_array id="jnt_right_foot-Matrix-animation-input-array" count="21">

0.000000 0.033333 0.066667 0.100000 0.133333 0.166667 0.200000 0.233333 0.266667 0.300000 0.333333 0.366667 0.400000 0.433333 0.466667 0.500000
0.533333 0.566667 0.600000 0.633333 0.666667</float_array><technique_common><accessor source="#jnt_right_foot-Matrix-animation-input-array" count="21"><param name="TIME" type="float"/></accessor></technique_common></source><source id="jnt_right_foot-Matrix-animation-output-transform"><float_array id="jnt_right_foot-Matrix-animation-output-transform-array" count="336">

0.125462 -0.946436 0.297520 0.768145 0.984170 0.080894 -0.157686 -0.000000 0.125172 0.312594 0.941604 0.000000 0.000000 0.000000 0.000000 1.000000
0.125462 -0.946436 0.297520 0.768145 0.984170 0.080895 -0.157685 0.000000 0.125171 0.312593 0.941604 -0.000000 0.000000 0.000000 0.000000 1.000000
0.125462 -0.946436 0.297520 0.768145 0.984171 0.080896 -0.157683 -0.000000 0.125169 0.312594 0.941604 0.000000 0.000000 0.000000 0.000000 1.000000
0.125463 -0.946436 0.297520 0.768145 0.984171 0.080898 -0.157679 0.000000 0.125164 0.312593 0.941605 0.000000 0.000000 0.000000 0.000000 1.000000
0.125462 -0.946436 0.297521 0.768145 0.984172 0.080898 -0.157674 -0.000000 0.125159 0.312593 0.941605 0.000000 0.000000 0.000000 0.000000 1.000000
0.125464 -0.946436 0.297520 0.768145 0.984173 0.080903 -0.157668 -0.000000 0.125152 0.312593 0.941606 0.000000 0.000000 0.000000 0.000000 1.000000
0.125463 -0.946436 0.297521 0.768145 0.984174 0.080904 -0.157660 0.000000 0.125145 0.312593 0.941607 0.000000 0.000000 0.000000 0.000000 1.000000
0.125462 -0.946435 0.297522 0.768145 0.984175 0.080905 -0.157652 -0.000000 0.125137 0.312593 0.941608 0.000000 0.000000 0.000000 0.000000 1.000000
0.125466 -0.946435 0.297521 0.768145 0.984175 0.080912 -0.157645 0.000000 0.125128 0.312592 0.941610 0.000000 0.000000 0.000000 0.000000 1.000000
0.125467 -0.946435 0.297522 0.768145 0.984176 0.080915 -0.157637 -0.000000 0.125119 0.312592 0.941611 0.000000 0.000000 0.000000 0.000000 1.000000
0.125466 -0.946435 0.297523 0.768144 0.984178 0.080918 -0.157628 -0.000000 0.125110 0.312592 0.941612 -0.000000 0.000000 0.000000 0.000000 1.000000
0.125467 -0.946434 0.297523 0.768145 0.984179 0.080921 -0.157619 -0.000000 0.125100 0.312592 0.941614 0.000000 0.000000 0.000000 0.000000 1.000000
0.125468 -0.946434 0.297523 0.768145 0.984180 0.080925 -0.157611 -0.000000 0.125091 0.312592 0.941615 0.000000 0.000000 0.000000 0.000000 1.000000
0.125469 -0.946434 0.297524 0.768145 0.984181 0.080928 -0.157602 0.000000 0.125082 0.312591 0.941616 0.000000 0.000000 0.000000 0.000000 1.000000
0.125468 -0.946434 0.297524 0.768145 0.984182 0.080931 -0.157594 -0.000000 0.125074 0.312591 0.941617 0.000000 0.000000 0.000000 0.000000 1.000000
0.125469 -0.946434 0.297525 0.768145 0.984183 0.080933 -0.157588 0.000000 0.125066 0.312591 0.941618 -0.000000 0.000000 0.000000 0.000000 1.000000
0.125471 -0.946433 0.297524 0.768145 0.984183 0.080938 -0.157582 -0.000000 0.125060 0.312590 0.941619 0.000000 0.000000 0.000000 0.000000 1.000000
0.125472 -0.946433 0.297524 0.768144 0.984184 0.080941 -0.157577 0.000000 0.125054 0.312590 0.941620 -0.000000 0.000000 0.000000 0.000000 1.000000
0.125473 -0.946433 0.297525 0.768144 0.984184 0.080942 -0.157573 -0.000000 0.125050 0.312590 0.941621 0.000000 0.000000 0.000000 0.000000 1.000000
0.125472 -0.946433 0.297525 0.768145 0.984185 0.080943 -0.157571 0.000000 0.125048 0.312590 0.941621 0.000000 0.000000 0.000000 0.000000 1.000000
0.125472 -0.946433 0.297525 0.768145 0.984185 0.080943 -0.157569 0.000000 0.125046 0.312590 0.941621 0.000000 0.000000 0.000000 0.000000 1.000000</float_array><technique_common><accessor source="#jnt_right_foot-Matrix-animation-output-transform-array" count="21" stride="16"><param type="float4x4"/></accessor></technique_common></source><source id="jnt_right_foot-Interpolations"><Name_array id="jnt_right_foot-Interpolations-array" count="21">
 LINEAR LINEAR LINEAR LINEAR LINEAR LINEAR LINEAR LINEAR LINEAR LINEAR LINEAR
LINEAR LINEAR LINEAR LINEAR LINEAR LINEAR LINEAR LINEAR LINEAR LINEAR</Name_array><technique_common><accessor source="#jnt_right_foot-Interpolations-array" count="21"><param type="name"/></accessor></technique_common></source><sampler id="jnt_right_foot-Matrix-animation-transform"><input semantic="INPUT" source="#jnt_right_foot-Matrix-animation-input"/><input semantic="OUTPUT" source="#jnt_right_foot-Matrix-animation-output-transform"/><input semantic="INTERPOLATION" source="#jnt_right_foot-Interpolations"/></sampler><channel source="#jnt_right_foot-Matrix-animation-transform" target="jnt_right_foot/matrix"/></animation></animation>
    <animation id="jnt_right_toebase-anim" name="jnt_right_toebase"><animation><source id="jnt_right_toebase-Matrix-animation-input"><float_array id="jnt_right_toebase-Matrix-animation-input-array" count="21">

0.000000 0.033333 0.066667 0.100000 0.133333 0.166667 0.200000 0.233333 0.266667 0.300000 0.333333 0.366667 0.400000 0.433333 0.466667 0.500000
0.533333 0.566667 0.600000 0.633333 0.666667</float_array><technique_common><accessor source="#jnt_right_toebase-Matrix-animation-input-array" count="21"><param name="TIME" type="float"/></accessor></technique_common></source><source id="jnt_right_toebase-Matrix-animation-output-transform"><float_array id="jnt_right_toebase-Matrix-animation-output-transform-array" count="336">

0.918954 -0.394364 -0.000117 0.441847 0.394364 0.918954 0.000317 -0.000000 -0.000017 -0.000338 1.000000 0.000000 0.000000 0.000000 0.000000 1.000000
0.918954 -0.394364 -0.000117 0.441847 0.394364 0.918954 0.000317 -0.000000 -0.000018 -0.000338 1.000000 0.000000 0.000000 0.000000 0.000000 1.000000
0.918954 -0.394364 -0.000117 0.441847 0.394364 0.918954 0.000317 -0.000000 -0.000017 -0.000338 1.000000 -0.000000 0.000000 0.000000 0.000000 1.000000
0.918954 -0.394364 -0.000117 0.441847 0.394364 0.918954 0.000317 -0.000000 -0.000017 -0.000338 1.000000 0.000000 0.000000 0.000000 0.000000 1.000000
0.918954 -0.394364 -0.000118 0.441847 0.394364 0.918954 0.000317 -0.000000 -0.000017 -0.000338 1.000000 0.000000 0.000000 0.000000 0.000000 1.000000
0.918954 -0.394364 -0.000118 0.441847 0.394364 0.918954 0.000317 -0.000000 -0.000016 -0.000338 1.000000 0.000000 0.000000 0.000000 0.000000 1.000000
0.918954 -0.394364 -0.000118 0.441847 0.394364 0.918954 0.000316 -0.000000 -0.000016 -0.000338 1.000000 0.000000 0.000000 0.000000 0.000000 1.000000
0.918954 -0.394364 -0.000119 0.441847 0.394364 0.918954 0.000316 -0.000000 -0.000016 -0.000337 1.000000 0.000000 0.000000 0.000000 0.000000 1.000000
0.918954 -0.394364 -0.000119 0.441847 0.394364 0.918954 0.000316 0.000000 -0.000016 -0.000337 1.000000 0.000000 0.000000 0.000000 0.000000 1.000000
0.918954 -0.394364 -0.000119 0.441846 0.394364 0.918954 0.000316 -0.000000 -0.000015 -0.000337 1.000000 0.000000 0.000000 0.000000 0.000000 1.000000
0.918954 -0.394364 -0.000120 0.441847 0.394364 0.918954 0.000316 -0.000000 -0.000014 -0.000337 1.000000 0.000000 0.000000 0.000000 0.000000 1.000000
0.918954 -0.394364 -0.000120 0.441847 0.394364 0.918954 0.000316 0.000000 -0.000014 -0.000337 1.000000 -0.000000 0.000000 0.000000 0.000000 1.000000
0.918954 -0.394364 -0.000120 0.441847 0.394364 0.918954 0.000315 -0.000000 -0.000014 -0.000337 1.000000 0.000000 0.000000 0.000000 0.000000 1.000000
0.918954 -0.394364 -0.000121 0.441847 0.394364 0.918954 0.000315 0.000000 -0.000013 -0.000337 1.000000 0.000000 0.000000 0.000000 0.000000 1.000000
0.918954 -0.394364 -0.000121 0.441847 0.394364 0.918954 0.000315 -0.000000 -0.000013 -0.000337 1.000000 -0.000000 0.000000 0.000000 0.000000 1.000000
0.918954 -0.394364 -0.000121 0.441847 0.394364 0.918954 0.000315 0.000000 -0.000013 -0.000337 1.000000 0.000000 0.000000 0.000000 0.000000 1.000000
0.918954 -0.394364 -0.000121 0.441847 0.394364 0.918954 0.000315 -0.000000 -0.000013 -0.000337 1.000000 0.000000 0.000000 0.000000 0.000000 1.000000
0.918954 -0.394364 -0.000122 0.441847 0.394364 0.918954 0.000315 -0.000000 -0.000012 -0.000337 1.000000 0.000000 0.000000 0.000000 0.000000 1.000000
0.918954 -0.394364 -0.000122 0.441847 0.394364 0.918954 0.000315 -0.000000 -0.000012 -0.000337 1.000000 0.000000 0.000000 0.000000 0.000000 1.000000
0.918954 -0.394364 -0.000122 0.441847 0.394364 0.918954 0.000314 0.000000 -0.000012 -0.000337 1.000000 -0.000000 0.000000 0.000000 0.000000 1.000000
0.918954 -0.394364 -0.000122 0.441847 0.394364 0.918954 0.000314 -0.000000 -0.000012 -0.000337 1.000000 0.000000 0.000000 0.000000 0.000000 1.000000</float_array><technique_common><accessor source="#jnt_right_toebase-Matrix-animation-output-transform-array" count="21" stride="16"><param type="float4x4"/></accessor></technique_common></source><source id="jnt_right_toebase-Interpolations"><Name_array id="jnt_right_toebase-Interpolations-array" count="21">
 LINEAR LINEAR LINEAR LINEAR LINEAR LINEAR LINEAR LINEAR LINEAR LINEAR LINEAR
LINEAR LINEAR LINEAR LINEAR LINEAR LINEAR LINEAR LINEAR LINEAR LINEAR</Name_array><technique_common><accessor source="#jnt_right_toebase-Interpolations-array" count="21"><param type="name"/></accessor></technique_common></source><sampler id="jnt_right_toebase-Matrix-animation-transform"><input semantic="INPUT" source="#jnt_right_toebase-Matrix-animation-input"/><input semantic="OUTPUT" source="#jnt_right_toebase-Matrix-animation-output-transform"/><input semantic="INTERPOLATION" source="#jnt_right_toebase-Interpolations"/></sampler><channel source="#jnt_right_toebase-Matrix-animation-transform" target="jnt_right_toebase/matrix"/></animation></animation>
    <animation id="jnt_right_toeend-anim" name="jnt_right_toeend"><animation><source id="jnt_right_toeend-Matrix-animation-input"><float_array id="jnt_right_toeend-Matrix-animation-input-array" count="21">

0.000000 0.033333 0.066667 0.100000 0.133333 0.166667 0.200000 0.233333 0.266667 0.300000 0.333333 0.366667 0.400000 0.433333 0.466667 0.500000
0.533333 0.566667 0.600000 0.633333 0.666667</float_array><technique_common><accessor source="#jnt_right_toeend-Matrix-animation-input-array" count="21"><param name="TIME" type="float"/></accessor></technique_common></source><source id="jnt_right_toeend-Matrix-animation-output-transform"><float_array id="jnt_right_toeend-Matrix-animation-output-transform-array" count="336">

1.000000 0.000000 -0.000000 0.379397 0.000000 1.000000 0.000000 0.000000 0.000000 0.000000 1.000000 -0.000000 0.000000 0.000000 0.000000 1.000000
1.000000 -0.000000 0.000000 0.379397 -0.000000 1.000000 0.000000 0.000000 0.000000 -0.000000 1.000000 -0.000000 0.000000 0.000000 0.000000 1.000000
1.000000 -0.000000 0.000000 0.379397 0.000000 1.000000 0.000000 0.000000 -0.000000 0.000000 1.000000 0.000000 0.000000 0.000000 0.000000 1.000000
1.000000 0.000000 -0.000000 0.379397 0.000000 1.000000 -0.000000 0.000000 -0.000000 -0.000000 1.000000 -0.000000 0.000000 0.000000 0.000000 1.000000
1.000000 -0.000000 0.000000 0.379397 -0.000000 1.000000 0.000000 0.000000 -0.000000 0.000000 1.000000 0.000000 0.000000 0.000000 0.000000 1.000000
1.000000 -0.000000 0.000000 0.379397 0.000000 1.000000 0.000000 0.000000 -0.000000 0.000000 1.000000 0.000000 0.000000 0.000000 0.000000 1.000000
1.000000 -0.000000 0.000000 0.379397 0.000000 1.000000 -0.000000 0.000000 -0.000000 -0.000000 1.000000 -0.000000 0.000000 0.000000 0.000000 1.000000
1.000000 0.000000 0.000000 0.379397 0.000000 1.000000 -0.000000 0.000000 0.000000 -0.000000 1.000000 0.000000 0.000000 0.000000 0.000000 1.000000
1.000000 -0.000000 0.000000 0.379397 0.000000 1.000000 0.000000 0.000000 -0.000000 0.000000 1.000000 -0.000000 0.000000 0.000000 0.000000 1.000000
1.000000 0.000000 -0.000000 0.379397 0.000000 1.000000 -0.000000 0.000000 0.000000 0.000000 1.000000 -0.000000 0.000000 0.000000 0.000000 1.000000
1.000000 0.000000 0.000000 0.379397 -0.000000 1.000000 -0.000000 0.000000 -0.000000 -0.000000 1.000000 -0.000000 0.000000 0.000000 0.000000 1.000000
1.000000 0.000000 0.000000 0.379397 -0.000000 1.000000 0.000000 0.000000 0.000000 0.000000 1.000000 -0.000000 0.000000 0.000000 0.000000 1.000000
1.000000 0.000000 0.000000 0.379397 0.000000 1.000000 0.000000 0.000000 -0.000000 0.000000 1.000000 -0.000000 0.000000 0.000000 0.000000 1.000000
1.000000 -0.000000 0.000000 0.379397 -0.000000 1.000000 0.000000 0.000000 -0.000000 0.000000 1.000000 -0.000000 0.000000 0.000000 0.000000 1.000000
1.000000 0.000000 0.000000 0.379397 0.000000 1.000000 0.000000 0.000000 0.000000 0.000000 1.000000 -0.000000 0.000000 0.000000 0.000000 1.000000
1.000000 0.000000 0.000000 0.379397 -0.000000 1.000000 0.000000 0.000000 0.000000 0.000000 1.000000 -0.000000 0.000000 0.000000 0.000000 1.000000
1.000000 0.000000 0.000000 0.379397 0.000000 1.000000 0.000000 0.000000 0.000000 0.000000 1.000000 -0.000000 0.000000 0.000000 0.000000 1.000000
1.000000 -0.000000 0.000000 0.379397 0.000000 1.000000 0.000000 0.000000 -0.000000 -0.000000 1.000000 0.000000 0.000000 0.000000 0.000000 1.000000
1.000000 0.000000 0.000000 0.379397 -0.000000 1.000000 0.000000 0.000000 -0.000000 -0.000000 1.000000 -0.000000 0.000000 0.000000 0.000000 1.000000
1.000000 0.000000 0.000000 0.379397 0.000000 1.000000 0.000000 0.000000 0.000000 0.000000 1.000000 -0.000000 0.000000 0.000000 0.000000 1.000000
1.000000 0.000000 -0.000000 0.379397 -0.000000 1.000000 0.000000 0.000000 0.000000 0.000000 1.000000 0.000000 0.000000 0.000000 0.000000 1.000000</float_array><technique_common><accessor source="#jnt_right_toeend-Matrix-animation-output-transform-array" count="21" stride="16"><param type="float4x4"/></accessor></technique_common></source><source id="jnt_right_toeend-Interpolations"><Name_array id="jnt_right_toeend-Interpolations-array" count="21">
 LINEAR LINEAR LINEAR LINEAR LINEAR LINEAR LINEAR LINEAR LINEAR LINEAR LINEAR
LINEAR LINEAR LINEAR LINEAR LINEAR LINEAR LINEAR LINEAR LINEAR LINEAR</Name_array><technique_common><accessor source="#jnt_right_toeend-Interpolations-array" count="21"><param type="name"/></accessor></technique_common></source><sampler id="jnt_right_toeend-Matrix-animation-transform"><input semantic="INPUT" source="#jnt_right_toeend-Matrix-animation-input"/><input semantic="OUTPUT" source="#jnt_right_toeend-Matrix-animation-output-transform"/><input semantic="INTERPOLATION" source="#jnt_right_toeend-Interpolations"/></sampler><channel source="#jnt_right_toeend-Matrix-animation-transform" target="jnt_right_toeend/matrix"/></animation></animation>
    <animation id="jnt_left_upleg-anim" name="jnt_left_upleg"><animation><source id="jnt_left_upleg-Matrix-animation-input"><float_array id="jnt_left_upleg-Matrix-animation-input-array" count="21">

0.000000 0.033333 0.066667 0.100000 0.133333 0.166667 0.200000 0.233333 0.266667 0.300000 0.333333 0.366667 0.400000 0.433333 0.466667 0.500000
