<?xml version="1.0" encoding="utf-8"?>
<COLLADA xmlns="http://www.collada.org/2005/11/COLLADASchema" version="1.4.1">
  <asset><contributor><author></author><authoring_tool>FBX COLLADA exporter</authoring_tool><comments></comments></contributor><created>2018-04-19T12:40:15Z</created><keywords></keywords><modified>2018-04-19T12:40:15Z</modified><revision></revision><subject></subject><title></title><unit meter="0.010000" name="centimeter"></unit><up_axis>Y_UP</up_axis></asset>
  <library_animations>
    <animation id="jnt_hips-anim" name="jnt_hips"><animation><source id="jnt_hips-Matrix-animation-input"><float_array id="jnt_hips-Matrix-animation-input-array" count="15">

0.000000 0.033333 0.066667 0.100000 0.133333 0.166667 0.200000 0.233333 0.266667 0.300000 0.333333 0.366667 0.400000 0.433333 0.466667</float_array><technique_common><accessor source="#jnt_hips-Matrix-animation-input-array" count="15"><param name="TIME" type="float"/></accessor></technique_common></source><source id="jnt_hips-Matrix-animation-output-transform"><float_array id="jnt_hips-Matrix-animation-output-transform-array" count="240">

0.962594 0.027123 -0.269588 0.056394 -0.108833 0.949888 -0.293034 1.872555 0.248130 0.311412 0.917308 -0.004831 0.000000 0.000000 0.000000 1.000000
0.923581 0.027633 -0.382406 0.069128 -0.152532 0.941553 -0.300354 1.848771 0.351756 0.335730 0.873815 -0.000257 0.000000 0.000000 0.000000 1.000000
0.893558 0.039483 -0.447207 0.058026 -0.194537 0.931800 -0.306436 1.797541 0.404609 0.360817 0.840299 0.002255 0.000000 0.000000 0.000000 1.000000
0.912170 0.012534 -0.409620 0.057778 -0.164411 0.926760 -0.337764 1.829048 0.375386 0.375444 0.847424 0.006614 0.000000 0.000000 0.000000 1.000000
0.959300 -0.031959 -0.280574 0.029626 -0.076510 0.926998 -0.367180 1.896291 0.271826 0.373703 0.886824 0.003407 0.000000 0.000000 0.000000 1.000000
0.990087 -0.049110 -0.131592 -0.018684 -0.002560 0.930419 -0.366489 1.939299 0.140434 0.363192 0.921070 0.000765 0.000000 0.000000 0.000000 1.000000
0.999464 -0.032599 -0.003029 -0.035954 0.029379 0.933866 -0.356414 1.915781 0.014448 0.356134 0.934323 -0.000591 0.000000 0.000000 0.000000 1.000000
0.992720 -0.011636 0.119883 -0.042886 0.054250 0.931843 -0.358783 1.882536 -0.107538 0.362674 0.925691 0.000506 0.000000 0.000000 0.000000 1.000000
0.975040 -0.001565 0.222023 -0.038639 0.086379 0.923869 -0.372832 1.841803 -0.204537 0.382705 0.900945 0.003797 0.000000 0.000000 0.000000 1.000000
0.971252 0.011097 0.237795 -0.028226 0.083851 0.918946 -0.385365 1.824012 -0.222797 0.394226 0.891598 0.005480 0.000000 0.000000 0.000000 1.000000
0.989460 0.032696 0.141070 -0.011517 0.023008 0.926307 -0.376066 1.855268 -0.142970 0.375348 0.915791 0.002343 0.000000 0.000000 0.000000 1.000000
0.999144 0.041358 0.001313 0.026987 -0.038504 0.940899 -0.336493 1.893470 -0.015152 0.336154 0.941685 -0.003127 0.000000 0.000000 0.000000 1.000000
0.994481 0.024583 -0.101993 0.053148 -0.054247 0.952606 -0.299330 1.880422 0.089801 0.303211 0.948683 -0.007090 0.000000 0.000000 0.000000 1.000000
0.984845 0.004794 -0.173371 0.057789 -0.054467 0.957595 -0.282922 1.841447 0.164663 0.288077 0.943344 -0.008546 0.000000 0.000000 0.000000 1.000000
0.962594 0.027123 -0.269588 0.055736 -0.108833 0.949888 -0.293034 1.872555 0.248130 0.311412 0.917308 -0.004831 0.000000 0.000000 0.000000 1.000000</float_array><technique_common><accessor source="#jnt_hips-Matrix-animation-output-transform-array" count="15" stride="16"><param type="float4x4"/></accessor></technique_common></source><source id="jnt_hips-Interpolations"><Name_array id="jnt_hips-Interpolations-array" count="15">
 LINEAR LINEAR LINEAR LINEAR LINEAR LINEAR LINEAR LINEAR LINEAR LINEAR LINEAR
LINEAR LINEAR LINEAR LINEAR</Name_array><technique_common><accessor source="#jnt_hips-Interpolations-array" count="15"><param type="name"/></accessor></technique_common></source><sampler id="jnt_hips-Matrix-animation-transform"><input semantic="INPUT" source="#jnt_hips-Matrix-animation-input"/><input semantic="OUTPUT" source="#jnt_hips-Matrix-animation-output-transform"/><input semantic="INTERPOLATION" source="#jnt_hips-Interpolations"/></sampler><channel source="#jnt_hips-Matrix-animation-transform" target="jnt_hips/matrix"/></animation></animation>
    <animation id="jnt_right_upleg-anim" name="jnt_right_upleg"><animation><source id="jnt_right_upleg-Matrix-animation-input"><float_array id="jnt_right_upleg-Matrix-animation-input-array" count="15">

0.000000 0.033333 0.066667 0.100000 0.133333 0.166667 0.200000 0.233333 0.266667 0.300000 0.333333 0.366667 0.400000 0.433333 0.466667</float_array><technique_common><accessor source="#jnt_right_upleg-Matrix-animation-input-array" count="15"><param name="TIME" type="float"/></accessor></technique_common></source><source id="jnt_right_upleg-Matrix-animation-output-transform"><float_array id="jnt_right_upleg-Matrix-animation-output-transform-array" count="240">

0.131219 -0.399960 -0.907091 -0.446779 -0.442070 0.795384 -0.414655 -0.111214 0.887331 0.455408 -0.072441 0.043020 0.000000 0.000000 0.000000 1.000000
0.181515 -0.510946 -0.840230 -0.446780 -0.584721 0.630898 -0.509969 -0.111214 0.790666 0.583868 -0.184244 0.043020 0.000000 0.000000 0.000000 1.000000
0.170942 -0.446874 -0.878113 -0.446779 -0.785828 0.475781 -0.395103 -0.111214 0.594351 0.757586 -0.269835 0.043020 0.000000 0.000000 0.000000 1.000000
0.044589 -0.410978 -0.910554 -0.446780 -0.932608 0.309618 -0.185415 -0.111214 0.358125 0.857458 -0.369476 0.043020 0.000000 0.000000 0.000000 1.000000
-0.074671 -0.420000 -0.904447 -0.446779 -0.993682 0.107545 0.032098 -0.111214 0.083787 0.901129 -0.425377 0.043020 0.000000 0.000000 0.000000 1.000000
-0.065459 -0.361854 -0.929934 -0.446779 -0.996559 -0.023778 0.079401 -0.111214 -0.050843 0.931932 -0.359052 0.043020 0.000000 0.000000 0.000000 1.000000
0.029645 -0.376707 -0.925858 -0.446779 -0.996513 -0.083410 0.002030 -0.111214 -0.077990 0.922570 -0.377866 0.043020 0.000000 0.000000 0.000000 1.000000
0.031033 -0.611283 -0.790804 -0.446780 -0.999509 -0.022318 -0.021972 -0.111214 -0.004218 0.791098 -0.611675 0.043020 0.000000 0.000000 0.000000 1.000000
-0.074282 -0.859897 -0.505033 -0.446780 -0.976929 0.164430 -0.136279 -0.111214 0.200229 0.483259 -0.852273 0.043020 0.000000 0.000000 0.000000 1.000000
-0.224864 -0.955715 -0.189858 -0.446780 -0.712458 0.294187 -0.637070 -0.111214 0.664711 -0.007988 -0.747058 0.043020 0.000000 0.000000 0.000000 1.000000
-0.291165 -0.752514 -0.590717 -0.446780 -0.026550 0.623588 -0.781302 -0.111214 0.956304 -0.211805 -0.201546 0.043020 0.000000 0.000000 0.000000 1.000000
-0.063195 -0.500070 -0.863676 -0.446780 0.069329 0.861116 -0.503660 -0.111214 0.995590 -0.091706 -0.019749 0.043020 0.000000 0.000000 0.000000 1.000000
0.118312 -0.295221 -0.948075 -0.446780 -0.099274 0.946481 -0.307113 -0.111214 0.988002 0.130454 0.082672 0.043020 0.000000 0.000000 0.000000 1.000000
0.149998 -0.202194 -0.967790 -0.446780 -0.367841 0.897182 -0.244454 -0.111214 0.917711 0.392660 0.060200 0.043020 0.000000 0.000000 0.000000 1.000000
0.131221 -0.399960 -0.907091 -0.446779 -0.442071 0.795383 -0.414656 -0.111214 0.887330 0.455409 -0.072440 0.043020 0.000000 0.000000 0.000000 1.000000</float_array><technique_common><accessor source="#jnt_right_upleg-Matrix-animation-output-transform-array" count="15" stride="16"><param type="float4x4"/></accessor></technique_common></source><source id="jnt_right_upleg-Interpolations"><Name_array id="jnt_right_upleg-Interpolations-array" count="15">
 LINEAR LINEAR LINEAR LINEAR LINEAR LINEAR LINEAR LINEAR LINEAR LINEAR LINEAR
LINEAR LINEAR LINEAR LINEAR</Name_array><technique_common><accessor source="#jnt_right_upleg-Interpolations-array" count="15"><param type="name"/></accessor></technique_common></source><sampler id="jnt_right_upleg-Matrix-animation-transform"><input semantic="INPUT" source="#jnt_right_upleg-Matrix-animation-input"/><input semantic="OUTPUT" source="#jnt_right_upleg-Matrix-animation-output-transform"/><input semantic="INTERPOLATION" source="#jnt_right_upleg-Interpolations"/></sampler><channel source="#jnt_right_upleg-Matrix-animation-transform" target="jnt_right_upleg/matrix"/></animation></animation>
    <animation id="jnt_right_uplegroll-anim" name="jnt_right_uplegroll"><animation><source id="jnt_right_uplegroll-Matrix-animation-input"><float_array id="jnt_right_uplegroll-Matrix-animation-input-array" count="15">

0.000000 0.033333 0.066667 0.100000 0.133333 0.166667 0.200000 0.233333 0.266667 0.300000 0.333333 0.366667 0.400000 0.433333 0.466667</float_array><technique_common><accessor source="#jnt_right_uplegroll-Matrix-animation-input-array" count="15"><param name="TIME" type="float"/></accessor></technique_common></source><source id="jnt_right_uplegroll-Matrix-animation-output-transform"><float_array id="jnt_right_uplegroll-Matrix-animation-output-transform-array" count="240">

1.000000 0.000000 0.000000 0.430000 -0.000000 1.000000 0.000000 0.000000 0.000000 -0.000000 1.000000 0.000000 0.000000 0.000000 0.000000 1.000000
1.000000 -0.000000 0.000000 0.430000 -0.000000 1.000000 -0.000000 -0.000000 0.000000 0.000000 1.000000 0.000000 0.000000 0.000000 0.000000 1.000000
1.000000 0.000000 0.000000 0.430000 0.000000 1.000000 -0.000000 0.000000 0.000000 0.000000 1.000000 0.000000 0.000000 0.000000 0.000000 1.000000
1.000000 0.000000 0.000000 0.430000 -0.000000 1.000000 0.000000 0.000000 0.000000 0.000000 1.000000 0.000000 0.000000 0.000000 0.000000 1.000000
1.000000 0.000000 0.000000 0.430000 0.000000 1.000000 0.000000 0.000000 0.000000 0.000000 1.000000 0.000000 0.000000 0.000000 0.000000 1.000000
1.000000 0.000000 0.000000 0.430000 0.000000 1.000000 0.000000 -0.000000 -0.000000 0.000000 1.000000 0.000000 0.000000 0.000000 0.000000 1.000000
1.000000 0.000000 0.000000 0.430000 0.000000 1.000000 0.000000 -0.000000 0.000000 -0.000000 1.000000 -0.000000 0.000000 0.000000 0.000000 1.000000
1.000000 0.000000 -0.000000 0.430000 -0.000000 1.000000 0.000000 -0.000000 -0.000000 0.000000 1.000000 0.000000 0.000000 0.000000 0.000000 1.000000
1.000000 -0.000000 0.000000 0.430000 0.000000 1.000000 0.000000 0.000000 -0.000000 0.000000 1.000000 0.000000 0.000000 0.000000 0.000000 1.000000
1.000000 0.000000 -0.000000 0.430000 0.000000 1.000000 -0.000000 0.000000 -0.000000 0.000000 1.000000 0.000000 0.000000 0.000000 0.000000 1.000000
1.000000 0.000000 -0.000000 0.430000 0.000000 1.000000 0.000000 0.000000 0.000000 0.000000 1.000000 0.000000 0.000000 0.000000 0.000000 1.000000
1.000000 -0.000000 0.000000 0.430000 0.000000 1.000000 -0.000000 -0.000000 0.000000 0.000000 1.000000 0.000000 0.000000 0.000000 0.000000 1.000000
1.000000 0.000000 -0.000000 0.430000 -0.000000 1.000000 0.000000 -0.000000 0.000000 0.000000 1.000000 0.000000 0.000000 0.000000 0.000000 1.000000
1.000000 -0.000000 0.000000 0.430000 0.000000 1.000000 0.000000 0.000000 -0.000000 -0.000000 1.000000 0.000000 0.000000 0.000000 0.000000 1.000000
1.000000 0.000000 0.000000 0.430001 0.000000 1.000000 0.000000 -0.000000 -0.000000 -0.000000 1.000000 0.000000 0.000000 0.000000 0.000000 1.000000</float_array><technique_common><accessor source="#jnt_right_uplegroll-Matrix-animation-output-transform-array" count="15" stride="16"><param type="float4x4"/></accessor></technique_common></source><source id="jnt_right_uplegroll-Interpolations"><Name_array id="jnt_right_uplegroll-Interpolations-array" count="15">
 LINEAR LINEAR LINEAR LINEAR LINEAR LINEAR LINEAR LINEAR LINEAR LINEAR LINEAR
LINEAR LINEAR LINEAR LINEAR</Name_array><technique_common><accessor source="#jnt_right_uplegroll-Interpolations-array" count="15"><param type="name"/></accessor></technique_common></source><sampler id="jnt_right_uplegroll-Matrix-animation-transform"><input semantic="INPUT" source="#jnt_right_uplegroll-Matrix-animation-input"/><input semantic="OUTPUT" source="#jnt_right_uplegroll-Matrix-animation-output-transform"/><input semantic="INTERPOLATION" source="#jnt_right_uplegroll-Interpolations"/></sampler><channel source="#jnt_right_uplegroll-Matrix-animation-transform" target="jnt_right_uplegroll/matrix"/></animation></animation>
    <animation id="jnt_right_leg-anim" name="jnt_right_leg"><animation><source id="jnt_right_leg-Matrix-animation-input"><float_array id="jnt_right_leg-Matrix-animation-input-array" count="15">

0.000000 0.033333 0.066667 0.100000 0.133333 0.166667 0.200000 0.233333 0.266667 0.300000 0.333333 0.366667 0.400000 0.433333 0.466667</float_array><technique_common><accessor source="#jnt_right_leg-Matrix-animation-input-array" count="15"><param name="TIME" type="float"/></accessor></technique_common></source><source id="jnt_right_leg-Matrix-animation-output-transform"><float_array id="jnt_right_leg-Matrix-animation-output-transform-array" count="240">

0.486341 0.871008 0.069409 0.860324 -0.872592 0.488273 -0.013145 0.000000 -0.045340 -0.054173 0.997502 0.000000 0.000000 0.000000 0.000000 1.000000
0.283151 0.958440 0.034902 0.860324 -0.958907 0.283596 -0.008447 0.000000 -0.017994 -0.031076 0.999355 0.000000 0.000000 0.000000 0.000000 1.000000
0.273017 0.957589 0.092115 0.860324 -0.961595 0.268836 0.055334 0.000000 0.028224 -0.103684 0.994210 0.000000 0.000000 0.000000 0.000000 1.000000
0.342088 0.932398 0.116659 0.860324 -0.938319 0.332306 0.095547 -0.000000 0.050321 -0.142149 0.988565 0.000000 0.000000 0.000000 0.000000 1.000000
0.473237 0.876889 0.084338 0.860324 -0.879314 0.464391 0.105582 0.000000 0.053418 -0.124125 0.990828 0.000000 0.000000 0.000000 0.000000 1.000000
0.332927 0.942727 0.020612 0.860324 -0.940349 0.330305 0.081504 0.000000 0.070028 -0.046517 0.996460 0.000000 0.000000 0.000000 0.000000 1.000000
0.021326 0.999346 0.029198 0.860324 -0.996526 0.018896 0.081108 -0.000000 0.080503 -0.030827 0.996278 -0.000000 0.000000 0.000000 0.000000 1.000000
-0.369845 0.927784 0.049304 0.860324 -0.925545 -0.372547 0.067649 -0.000000 0.081131 -0.020613 0.996490 0.000000 0.000000 0.000000 0.000000 1.000000
-0.765424 0.642818 -0.030187 0.860324 -0.637058 -0.750261 0.176823 0.000000 0.091017 0.154576 0.983780 -0.000000 0.000000 0.000000 0.000000 1.000000
-0.924781 0.371601 -0.081816 0.860324 -0.365735 -0.808781 0.460555 0.000000 0.104972 0.455835 0.883853 0.000000 0.000000 0.000000 0.000000 1.000000
-0.840365 0.541010 -0.033086 0.860324 -0.519092 -0.785749 0.336367 0.000000 0.155981 0.299845 0.941150 0.000000 0.000000 0.000000 0.000000 1.000000
-0.454979 0.889722 0.037264 0.860324 -0.874272 -0.454248 0.171193 0.000000 0.169241 0.045310 0.984533 0.000000 0.000000 0.000000 0.000000 1.000000
0.208077 0.977178 0.042749 0.860324 -0.969543 0.200284 0.140973 -0.000000 0.129194 -0.070781 0.989090 0.000000 0.000000 0.000000 0.000000 1.000000
0.706416 0.705630 0.055340 0.860324 -0.707319 0.700903 0.091845 0.000000 0.026020 -0.104023 0.994234 0.000000 0.000000 0.000000 0.000000 1.000000
0.486344 0.871006 0.069408 0.860325 -0.872591 0.488276 -0.013143 0.000000 -0.045338 -0.054173 0.997502 0.000000 0.000000 0.000000 0.000000 1.000000</float_array><technique_common><accessor source="#jnt_right_leg-Matrix-animation-output-transform-array" count="15" stride="16"><param type="float4x4"/></accessor></technique_common></source><source id="jnt_right_leg-Interpolations"><Name_array id="jnt_right_leg-Interpolations-array" count="15">
 LINEAR LINEAR LINEAR LINEAR LINEAR LINEAR LINEAR LINEAR LINEAR LINEAR LINEAR
LINEAR LINEAR LINEAR LINEAR</Name_array><technique_common><accessor source="#jnt_right_leg-Interpolations-array" count="15"><param type="name"/></accessor></technique_common></source><sampler id="jnt_right_leg-Matrix-animation-transform"><input semantic="INPUT" source="#jnt_right_leg-Matrix-animation-input"/><input semantic="OUTPUT" source="#jnt_right_leg-Matrix-animation-output-transform"/><input semantic="INTERPOLATION" source="#jnt_right_leg-Interpolations"/></sampler><channel source="#jnt_right_leg-Matrix-animation-transform" target="jnt_right_leg/matrix"/></animation></animation>
    <animation id="jnt_right_legroll-anim" name="jnt_right_legroll"><animation><source id="jnt_right_legroll-Matrix-animation-input"><float_array id="jnt_right_legroll-Matrix-animation-input-array" count="15">

0.000000 0.033333 0.066667 0.100000 0.133333 0.166667 0.200000 0.233333 0.266667 0.300000 0.333333 0.366667 0.400000 0.433333 0.466667</float_array><technique_common><accessor source="#jnt_right_legroll-Matrix-animation-input-array" count="15"><param name="TIME" type="float"/></accessor></technique_common></source><source id="jnt_right_legroll-Matrix-animation-output-transform"><float_array id="jnt_right_legroll-Matrix-animation-output-transform-array" count="240">

1.000000 -0.000000 -0.000000 0.384000 0.000000 1.000000 0.000000 -0.000000 0.000000 0.000000 1.000000 0.000000 0.000000 0.000000 0.000000 1.000000
1.000000 -0.000000 0.000000 0.384000 -0.000000 0.999823 -0.018800 0.000000 0.000000 0.018800 0.999823 -0.000000 0.000000 0.000000 0.000000 1.000000
1.000000 -0.000000 0.000000 0.384000 0.000000 0.999635 -0.027000 0.000000 -0.000000 0.027000 0.999635 0.000000 0.000000 0.000000 0.000000 1.000000
1.000000 -0.000000 0.000000 0.384000 -0.000000 0.999822 -0.018848 -0.000000 0.000000 0.018848 0.999822 -0.000000 0.000000 0.000000 0.000000 1.000000
1.000000 -0.000000 -0.000000 0.384000 -0.000000 1.000000 -0.000000 0.000000 0.000000 -0.000000 1.000000 0.000000 0.000000 0.000000 0.000000 1.000000
1.000000 0.000000 0.000000 0.384000 -0.000000 1.000000 -0.000000 0.000000 0.000000 -0.000000 1.000000 0.000000 0.000000 0.000000 0.000000 1.000000
1.000000 -0.000000 0.000000 0.384000 0.000000 1.000000 0.000000 -0.000000 0.000000 -0.000000 1.000000 -0.000000 0.000000 0.000000 0.000000 1.000000
1.000000 0.000000 0.000000 0.384000 0.000000 0.999576 -0.029134 -0.000000 -0.000000 0.029134 0.999576 -0.000000 0.000000 0.000000 0.000000 1.000000
1.000000 0.000000 0.000000 0.384000 -0.000000 0.997162 -0.075283 -0.000000 0.000000 0.075283 0.997162 0.000000 0.000000 0.000000 0.000000 1.000000
1.000000 0.000000 0.000000 0.384000 0.000000 0.989271 -0.146092 -0.000000 0.000000 0.146092 0.989271 0.000000 0.000000 0.000000 0.000000 1.000000
1.000000 -0.000000 0.000000 0.384000 0.000000 0.996682 -0.081393 0.000000 -0.000000 0.081393 0.996682 0.000000 0.000000 0.000000 0.000000 1.000000
1.000000 0.000000 -0.000000 0.384000 -0.000000 0.999843 -0.017721 -0.000000 0.000000 0.017721 0.999843 -0.000000 0.000000 0.000000 0.000000 1.000000
1.000000 0.000000 -0.000000 0.384000 0.000000 1.000000 -0.000000 0.000000 -0.000000 -0.000000 1.000000 -0.000000 0.000000 0.000000 0.000000 1.000000
1.000000 0.000000 -0.000000 0.384000 0.000000 1.000000 0.000000 0.000000 -0.000000 0.000000 1.000000 0.000000 0.000000 0.000000 0.000000 1.000000
1.000000 -0.000000 0.000000 0.384000 0.000000 1.000000 -0.000000 -0.000000 0.000000 -0.000000 1.000000 0.000000 0.000000 0.000000 0.000000 1.000000</float_array><technique_common><accessor source="#jnt_right_legroll-Matrix-animation-output-transform-array" count="15" stride="16"><param type="float4x4"/></accessor></technique_common></source><source id="jnt_right_legroll-Interpolations"><Name_array id="jnt_right_legroll-Interpolations-array" count="15">
 LINEAR LINEAR LINEAR LINEAR LINEAR LINEAR LINEAR LINEAR LINEAR LINEAR LINEAR
LINEAR LINEAR LINEAR LINEAR</Name_array><technique_common><accessor source="#jnt_right_legroll-Interpolations-array" count="15"><param type="name"/></accessor></technique_common></source><sampler id="jnt_right_legroll-Matrix-animation-transform"><input semantic="INPUT" source="#jnt_right_legroll-Matrix-animation-input"/><input semantic="OUTPUT" source="#jnt_right_legroll-Matrix-animation-output-transform"/><input semantic="INTERPOLATION" source="#jnt_right_legroll-Interpolations"/></sampler><channel source="#jnt_right_legroll-Matrix-animation-transform" target="jnt_right_legroll/matrix"/></animation></animation>
    <animation id="jnt_right_foot-anim" name="jnt_right_foot"><animation><source id="jnt_right_foot-Matrix-animation-input"><float_array id="jnt_right_foot-Matrix-animation-input-array" count="15">

0.000000 0.033333 0.066667 0.100000 0.133333 0.166667 0.200000 0.233333 0.266667 0.300000 0.333333 0.366667 0.400000 0.433333 0.466667</float_array><technique_common><accessor source="#jnt_right_foot-Matrix-animation-input-array" count="15"><param name="TIME" type="float"/></accessor></technique_common></source><source id="jnt_right_foot-Matrix-animation-output-transform"><float_array id="jnt_right_foot-Matrix-animation-output-transform-array" count="240">

0.475436 -0.853511 -0.213259 0.768145 0.879747 0.461876 0.112760 0.000000 0.002257 -0.241225 0.970467 0.000000 0.000000 0.000000 0.000000 1.000000
0.231761 -0.791651 -0.565310 0.768145 0.968638 0.241329 0.059162 0.000000 0.089590 -0.561293 0.822754 -0.000000 0.000000 0.000000 0.000000 1.000000
0.036689 -0.846712 -0.530784 0.768144 0.996210 0.072904 -0.047436 0.000000 0.078861 -0.527033 0.846178 -0.000000 0.000000 0.000000 0.000000 1.000000
0.056787 -0.885178 -0.461773 0.768144 0.995911 0.082772 -0.036192 -0.000000 0.070258 -0.457830 0.886259 -0.000000 0.000000 0.000000 0.000000 1.000000
0.357077 -0.819653 -0.447956 0.768145 0.929228 0.360504 0.081074 0.000000 0.095037 -0.445203 0.890372 -0.000000 0.000000 0.000000 0.000000 1.000000
0.609087 -0.688081 -0.394409 0.768144 0.783307 0.599826 0.163214 0.000000 0.124272 -0.408355 0.904325 0.000000 0.000000 0.000000 0.000000 1.000000
0.697857 -0.640984 -0.319587 0.768145 0.698163 0.708381 0.103750 -0.000000 0.159888 -0.295526 0.941860 -0.000000 0.000000 0.000000 0.000000 1.000000
0.581701 -0.708270 -0.399972 0.768145 0.731457 0.670580 -0.123665 -0.000000 0.355802 -0.220626 0.908146 -0.000000 0.000000 0.000000 0.000000 1.000000
0.206475 -0.887804 -0.411305 0.768144 0.820225 0.386243 -0.421957 0.000000 0.533479 -0.250239 0.807948 0.000000 0.000000 0.000000 0.000000 1.000000
0.033873 -0.941612 -0.334993 0.768144 0.768393 0.238870 -0.593729 -0.000001 0.639082 -0.237295 0.731619 -0.000000 0.000000 0.000000 0.000000 1.000000
0.397312 -0.823196 -0.405576 0.768145 0.745906 0.547139 -0.379820 0.000000 0.534573 -0.151615 0.831412 0.000000 0.000000 0.000000 0.000000 1.000000
0.453086 -0.871255 -0.188751 0.768145 0.848493 0.486413 -0.208474 -0.000000 0.273445 -0.065697 0.959642 -0.000000 0.000000 0.000000 0.000000 1.000000
0.500355 -0.862649 0.074045 0.768145 0.862626 0.489343 -0.128139 -0.000000 0.074306 0.127988 0.988988 -0.000000 0.000000 0.000000 0.000000 1.000000
0.489278 -0.853780 0.177955 0.768145 0.867750 0.496999 -0.001366 0.000000 -0.087277 0.155088 0.984038 0.000000 0.000000 0.000000 0.000000 1.000000
0.475439 -0.853510 -0.213257 0.768145 0.879746 0.461879 0.112761 -0.000000 0.002257 -0.241223 0.970467 -0.000000 0.000000 0.000000 0.000000 1.000000</float_array><technique_common><accessor source="#jnt_right_foot-Matrix-animation-output-transform-array" count="15" stride="16"><param type="float4x4"/></accessor></technique_common></source><source id="jnt_right_foot-Interpolations"><Name_array id="jnt_right_foot-Interpolations-array" count="15">
 LINEAR LINEAR LINEAR LINEAR LINEAR LINEAR LINEAR LINEAR LINEAR LINEAR LINEAR
LINEAR LINEAR LINEAR LINEAR</Name_array><technique_common><accessor source="#jnt_right_foot-Interpolations-array" count="15"><param type="name"/></accessor></technique_common></source><sampler id="jnt_right_foot-Matrix-animation-transform"><input semantic="INPUT" source="#jnt_right_foot-Matrix-animation-input"/><input semantic="OUTPUT" source="#jnt_right_foot-Matrix-animation-output-transform"/><input semantic="INTERPOLATION" source="#jnt_right_foot-Interpolations"/></sampler><channel source="#jnt_right_foot-Matrix-animation-transform" target="jnt_right_foot/matrix"/></animation></animation>
    <animation id="jnt_right_toebase-anim" name="jnt_right_toebase"><animation><source id="jnt_right_toebase-Matrix-animation-input"><float_array id="jnt_right_toebase-Matrix-animation-input-array" count="15">

0.000000 0.033333 0.066667 0.100000 0.133333 0.166667 0.200000 0.233333 0.266667 0.300000 0.333333 0.366667 0.400000 0.433333 0.466667</float_array><technique_common><accessor source="#jnt_right_toebase-Matrix-animation-input-array" count="15"><param name="TIME" type="float"/></accessor></technique_common></source><source id="jnt_right_toebase-Matrix-animation-output-transform"><float_array id="jnt_right_toebase-Matrix-animation-output-transform-array" count="240">

0.725370 -0.669923 0.158245 0.441847 0.663274 0.618724 -0.421008 -0.000000 0.184133 0.410347 0.893146 -0.000000 0.000000 0.000000 0.000000 1.000000
0.673923 -0.704972 0.221001 0.441847 0.721369 0.563293 -0.402899 0.000000 0.159544 0.430946 0.888161 0.000000 0.000000 0.000000 0.000000 1.000000
0.737203 -0.648409 0.189993 0.441847 0.661074 0.634042 -0.401212 -0.000000 0.139686 0.421375 0.896064 0.000000 0.000000 0.000000 0.000000 1.000000
0.637440 -0.734612 0.232410 0.441847 0.757047 0.541021 -0.366300 0.000000 0.143350 0.409440 0.901005 0.000000 0.000000 0.000000 0.000000 1.000000
0.488970 -0.829867 0.268754 0.441847 0.858627 0.403554 -0.316075 -0.000000 0.153843 0.385311 0.909873 0.000000 0.000000 0.000000 0.000000 1.000000
0.662372 -0.726711 0.182084 0.441847 0.737181 0.588907 -0.331290 -0.000000 0.133521 0.353666 0.925793 0.000000 0.000000 0.000000 0.000000 1.000000
0.648605 -0.734574 0.199279 0.441847 0.753217 0.581830 -0.306820 -0.000000 0.109435 0.349105 0.930672 -0.000000 0.000000 0.000000 0.000000 1.000000
0.592603 -0.782244 0.192136 0.441847 0.799524 0.542242 -0.258331 -0.000000 0.097894 0.306705 0.946757 0.000000 0.000000 0.000000 0.000000 1.000000
0.553759 -0.817780 0.156803 0.441847 0.828102 0.521149 -0.206522 0.000000 0.087172 0.244213 0.965796 -0.000000 0.000000 0.000000 0.000000 1.000000
0.559458 -0.818872 0.128281 0.441847 0.825884 0.537631 -0.169906 -0.000000 0.070163 0.201001 0.977075 0.000000 0.000000 0.000000 0.000000 1.000000
0.582022 -0.801365 0.138074 0.441847 0.811599 0.561899 -0.159929 -0.000000 0.050578 0.205143 0.977424 0.000000 0.000000 0.000000 0.000000 1.000000
0.620611 -0.773055 0.131255 0.441847 0.783213 0.603108 -0.151122 -0.000000 0.037665 0.196588 0.979762 0.000000 0.000000 0.000000 0.000000 1.000000
0.650699 -0.751889 0.106079 0.441847 0.758549 0.637296 -0.135858 0.000000 0.034546 0.168869 0.985033 -0.000000 0.000000 0.000000 0.000000 1.000000
0.765369 -0.643315 0.018878 0.441847 0.640769 0.758939 -0.115870 0.000000 0.060214 0.100780 0.993085 0.000000 0.000000 0.000000 0.000000 1.000000
0.725369 -0.669924 0.158246 0.441847 0.663276 0.618722 -0.421008 -0.000000 0.184133 0.410347 0.893146 -0.000000 0.000000 0.000000 0.000000 1.000000</float_array><technique_common><accessor source="#jnt_right_toebase-Matrix-animation-output-transform-array" count="15" stride="16"><param type="float4x4"/></accessor></technique_common></source><source id="jnt_right_toebase-Interpolations"><Name_array id="jnt_right_toebase-Interpolations-array" count="15">
 LINEAR LINEAR LINEAR LINEAR LINEAR LINEAR LINEAR LINEAR LINEAR LINEAR LINEAR
LINEAR LINEAR LINEAR LINEAR</Name_array><technique_common><accessor source="#jnt_right_toebase-Interpolations-array" count="15"><param type="name"/></accessor></technique_common></source><sampler id="jnt_right_toebase-Matrix-animation-transform"><input semantic="INPUT" source="#jnt_right_toebase-Matrix-animation-input"/><input semantic="OUTPUT" source="#jnt_right_toebase-Matrix-animation-output-transform"/><input semantic="INTERPOLATION" source="#jnt_right_toebase-Interpolations"/></sampler><channel source="#jnt_right_toebase-Matrix-animation-transform" target="jnt_right_toebase/matrix"/></animation></animation>
    <animation id="jnt_right_toeend-anim" name="jnt_right_toeend"><animation><source id="jnt_right_toeend-Matrix-animation-input"><float_array id="jnt_right_toeend-Matrix-animation-input-array" count="15">

0.000000 0.033333 0.066667 0.100000 0.133333 0.166667 0.200000 0.233333 0.266667 0.300000 0.333333 0.366667 0.400000 0.433333 0.466667</float_array><technique_common><accessor source="#jnt_right_toeend-Matrix-animation-input-array" count="15"><param name="TIME" type="float"/></accessor></technique_common></source><source id="jnt_right_toeend-Matrix-animation-output-transform"><float_array id="jnt_right_toeend-Matrix-animation-output-transform-array" count="240">

1.000000 -0.000000 0.000000 0.379397 -0.000000 1.000000 -0.000000 0.000000 0.000000 0.000000 1.000000 -0.000000 0.000000 0.000000 0.000000 1.000000
1.000000 -0.000000 0.000000 0.379397 -0.000000 1.000000 -0.000000 0.000000 0.000000 -0.000000 1.000000 -0.000000 0.000000 0.000000 0.000000 1.000000
1.000000 0.000000 0.000000 0.379397 -0.000000 1.000000 0.000000 0.000000 0.000000 -0.000000 1.000000 -0.000000 0.000000 0.000000 0.000000 1.000000
1.000000 -0.000000 0.000000 0.379397 -0.000000 1.000000 0.000000 0.000000 0.000000 0.000000 1.000000 -0.000000 0.000000 0.000000 0.000000 1.000000
1.000000 -0.000000 0.000000 0.379397 0.000000 1.000000 0.000000 0.000000 0.000000 0.000000 1.000000 0.000000 0.000000 0.000000 0.000000 1.000000
1.000000 0.000000 0.000000 0.379397 0.000000 1.000000 0.000000 0.000000 -0.000000 -0.000000 1.000000 -0.000000 0.000000 0.000000 0.000000 1.000000
1.000000 0.000000 0.000000 0.379397 0.000000 1.000000 -0.000000 0.000000 0.000000 0.000000 1.000000 0.000000 0.000000 0.000000 0.000000 1.000000
1.000000 0.000000 -0.000000 0.379397 -0.000000 1.000000 -0.000000 0.000000 0.000000 0.000000 1.000000 -0.000000 0.000000 0.000000 0.000000 1.000000
1.000000 0.000000 0.000000 0.379397 -0.000000 1.000000 0.000000 0.000000 0.000000 0.000000 1.000000 0.000000 0.000000 0.000000 0.000000 1.000000
1.000000 0.000000 0.000000 0.379397 -0.000000 1.000000 0.000000 0.000000 -0.000000 0.000000 1.000000 -0.000000 0.000000 0.000000 0.000000 1.000000
1.000000 -0.000000 0.000000 0.379397 -0.000000 1.000000 0.000000 0.000000 0.000000 -0.000000 1.000000 -0.000000 0.000000 0.000000 0.000000 1.000000
1.000000 -0.000000 0.000000 0.379397 0.000000 1.000000 0.000000 0.000000 -0.000000 -0.000000 1.000000 -0.000000 0.000000 0.000000 0.000000 1.000000
1.000000 0.000000 0.000000 0.379397 -0.000000 1.000000 0.000000 0.000000 -0.000000 0.000000 1.000000 -0.000000 0.000000 0.000000 0.000000 1.000000
1.000000 0.000000 0.000000 0.379397 0.000000 1.000000 -0.000000 0.000000 -0.000000 0.000000 1.000000 -0.000000 0.000000 0.000000 0.000000 1.000000
1.000000 -0.000000 0.000000 0.379397 -0.000000 1.000000 -0.000000 0.000000 0.000000 0.000000 1.000000 -0.000000 0.000000 0.000000 0.000000 1.000000</float_array><technique_common><accessor source="#jnt_right_toeend-Matrix-animation-output-transform-array" count="15" stride="16"><param type="float4x4"/></accessor></technique_common></source><source id="jnt_right_toeend-Interpolations"><Name_array id="jnt_right_toeend-Interpolations-array" count="15">
 LINEAR LINEAR LINEAR LINEAR LINEAR LINEAR LINEAR LINEAR LINEAR LINEAR LINEAR
LINEAR LINEAR LINEAR LINEAR</Name_array><technique_common><accessor source="#jnt_right_toeend-Interpolations-array" count="15"><param type="name"/></accessor></technique_common></source><sampler id="jnt_right_toeend-Matrix-animation-transform"><input semantic="INPUT" source="#jnt_right_toeend-Matrix-animation-input"/><input semantic="OUTPUT" source="#jnt_right_toeend-Matrix-animation-output-transform"/><input semantic="INTERPOLATION" source="#jnt_right_toeend-Interpolations"/></sampler><channel source="#jnt_right_toeend-Matrix-animation-transform" target="jnt_right_toeend/matrix"/></animation></animation>
    <animation id="jnt_left_upleg-anim" name="jnt_left_upleg"><animation><source id="jnt_left_upleg-Matrix-animation-input"><float_array id="jnt_left_upleg-Matrix-animation-input-array" count="15">

0.000000 0.033333 0.066667 0.100000 0.133333 0.166667 0.200000 0.233333 0.266667 0.300000 0.333333 0.366667 0.400000 0.433333 0.466667</float_array><technique_common><accessor source="#jnt_left_upleg-Matrix-animation-input-array" count="15"><param name="TIME" type="float"/></accessor></technique_common></source><source id="jnt_left_upleg-Matrix-animation-output-transform"><float_array id="jnt_left_upleg-Matrix-animation-output-transform-array" count="240">

0.007752 0.565751 -0.824540 0.446779 -0.980993 -0.155577 -0.115971 -0.111213 -0.193890 0.809766 0.553791 0.043020 0.000000 0.000000 0.000000 1.000000
0.172579 0.826330 -0.536093 0.446779 -0.877730 0.376001 0.297007 -0.111213 0.446998 0.419288 0.790184 0.043020 0.000000 0.000000 0.000000 1.000000
0.305678 0.844873 -0.439034 0.446779 -0.081723 0.482684 0.871973 -0.111213 0.948621 -0.230664 0.216591 0.043020 0.000000 0.000000 0.000000 1.000000
0.334416 0.868895 -0.364949 0.446779 0.317123 0.260913 0.911788 -0.111213 0.887468 -0.420650 -0.188293 0.043020 0.000000 0.000000 0.000000 1.000000
0.337630 0.846181 -0.412291 0.446779 0.161675 0.379370 0.911010 -0.111213 0.927290 -0.374242 -0.008719 0.043020 0.000000 0.000000 0.000000 1.000000
0.162874 0.765779 -0.622138 0.446779 0.000932 0.630438 0.776239 -0.111213 0.986646 -0.127009 0.101968 0.043020 0.000000 0.000000 0.000000 1.000000
-0.040694 0.652127 -0.757017 0.446779 -0.214402 0.734297 0.644080 -0.111213 0.975897 0.188516 0.109936 0.043020 0.000000 0.000000 0.000000 1.000000
-0.104858 0.537743 -0.836563 0.446779 -0.327673 0.775545 0.539593 -0.111213 0.938954 0.330699 0.094881 0.043020 0.000000 0.000000 0.000000 1.000000
-0.106618 0.437896 -0.892681 0.446779 -0.470149 0.768889 0.433323 -0.111213 0.876124 0.465893 0.123899 0.043020 0.000000 0.000000 0.000000 1.000000
-0.018248 0.348784 -0.937026 0.446779 -0.757485 0.606882 0.240648 -0.111213 0.652598 0.714174 0.253124 0.043020 0.000000 0.000000 0.000000 1.000000
0.098475 0.280280 -0.954854 0.446779 -0.941355 0.337413 0.001959 -0.111213 0.322729 0.898663 0.297070 0.043020 0.000000 0.000000 0.000000 1.000000
0.103277 0.284387 -0.953131 0.446779 -0.992477 -0.033881 -0.117649 -0.111213 -0.065751 0.958111 0.278749 0.043020 0.000000 0.000000 0.000000 1.000000
-0.076277 0.159887 -0.984184 0.446779 -0.964385 -0.262550 0.032089 -0.111213 -0.253267 0.951579 0.174219 0.043020 0.000000 0.000000 0.000000 1.000000
-0.169013 0.270169 -0.947863 0.446779 -0.934303 -0.350167 0.066787 -0.111213 -0.313866 0.896879 0.311602 0.043020 0.000000 0.000000 0.000000 1.000000
0.007753 0.565751 -0.824540 0.446779 -0.980993 -0.155576 -0.115971 -0.111213 -0.193889 0.809767 0.553792 0.043020 0.000000 0.000000 0.000000 1.000000</float_array><technique_common><accessor source="#jnt_left_upleg-Matrix-animation-output-transform-array" count="15" stride="16"><param type="float4x4"/></accessor></technique_common></source><source id="jnt_left_upleg-Interpolations"><Name_array id="jnt_left_upleg-Interpolations-array" count="15">
 LINEAR LINEAR LINEAR LINEAR LINEAR LINEAR LINEAR LINEAR LINEAR LINEAR LINEAR
LINEAR LINEAR LINEAR LINEAR</Name_array><technique_common><accessor source="#jnt_left_upleg-Interpolations-array" count="15"><param type="name"/></accessor></technique_common></source><sampler id="jnt_left_upleg-Matrix-animation-transform"><input semantic="INPUT" source="#jnt_left_upleg-Matrix-animation-input"/><input semantic="OUTPUT" source="#jnt_left_upleg-Matrix-animation-output-transform"/><input semantic="INTERPOLATION" source="#jnt_left_upleg-Interpolations"/></sampler><channel source="#jnt_left_upleg-Matrix-animation-transform" target="jnt_left_upleg/matrix"/></animation></animation>
    <animation id="jnt_left_uplegroll-anim" name="jnt_left_uplegroll"><animation><source id="jnt_left_uplegroll-Matrix-animation-input"><float_array id="jnt_left_uplegroll-Matrix-animation-input-array" count="15">

0.000000 0.033333 0.066667 0.100000 0.133333 0.166667 0.200000 0.233333 0.266667 0.300000 0.333333 0.366667 0.400000 0.433333 0.466667</float_array><technique_common><accessor source="#jnt_left_uplegroll-Matrix-animation-input-array" count="15"><param name="TIME" type="float"/></accessor></technique_common></source><source id="jnt_left_uplegroll-Matrix-animation-output-transform"><float_array id="jnt_left_uplegroll-Matrix-animation-output-transform-array" count="240">

1.000000 0.000000 0.000000 0.430000 0.000000 1.000000 0.000000 0.000000 0.000000 0.000000 1.000000 0.000000 0.000000 0.000000 0.000000 1.000000
1.000000 -0.000000 -0.000000 0.430000 -0.000000 1.000000 -0.000000 0.000000 0.000000 0.000000 1.000000 0.000000 0.000000 0.000000 0.000000 1.000000
1.000000 -0.000000 -0.000000 0.430000 0.000000 1.000000 0.000000 -0.000000 0.000000 -0.000000 1.000000 0.000000 0.000000 0.000000 0.000000 1.000000
1.000000 -0.000000 -0.000000 0.430000 -0.000000 1.000000 0.000000 0.000000 -0.000000 0.000000 1.000000 0.000000 0.000000 0.000000 0.000000 1.000000
1.000000 -0.000000 -0.000000 0.430000 -0.000000 1.000000 0.000000 -0.000000 0.000000 -0.000000 1.000000 0.000000 0.000000 0.000000 0.000000 1.000000
1.000000 0.000000 -0.000000 0.430000 0.000000 1.000000 -0.000000 0.000000 0.000000 0.000000 1.000000 -0.000000 0.000000 0.000000 0.000000 1.000000
1.000000 0.000000 -0.000000 0.430000 0.000000 1.000000 0.000000 0.000000 0.000000 0.000000 1.000000 0.000000 0.000000 0.000000 0.000000 1.000000
1.000000 0.000000 0.000000 0.430000 -0.000000 1.000000 0.000000 -0.000000 0.000000 -0.000000 1.000000 -0.000000 0.000000 0.000000 0.000000 1.000000
1.000000 0.000000 0.000000 0.430000 0.000000 1.000000 0.000000 0.000000 0.000000 -0.000000 1.000000 0.000000 0.000000 0.000000 0.000000 1.000000
1.000000 0.000000 0.000000 0.430000 0.000000 1.000000 0.000000 -0.000000 -0.000000 -0.000000 1.000000 0.000000 0.000000 0.000000 0.000000 1.000000
1.000000 0.000000 0.000000 0.430000 -0.000000 1.000000 0.000000 -0.000000 -0.000000 -0.000000 1.000000 0.000000 0.000000 0.000000 0.000000 1.000000
1.000000 0.000000 0.000000 0.430000 0.000000 1.000000 0.000000 -0.000000 0.000000 -0.000000 1.000000 -0.000000 0.000000 0.000000 0.000000 1.000000
1.000000 -0.000000 0.000000 0.430000 -0.000000 1.000000 -0.000000 -0.000000 -0.000000 0.000000 1.000000 0.000000 0.000000 0.000000 0.000000 1.000000
1.000000 0.000000 0.000000 0.430001 0.000000 1.000000 -0.000000 0.000000 0.000000 0.000000 1.000000 0.000000 0.000000 0.000000 0.000000 1.000000
1.000000 0.000000 0.000000 0.430000 0.000000 1.000000 -0.000000 0.000000 0.000000 0.000000 1.000000 0.000000 0.000000 0.000000 0.000000 1.000000</float_array><technique_common><accessor source="#jnt_left_uplegroll-Matrix-animation-output-transform-array" count="15" stride="16"><param type="float4x4"/></accessor></technique_common></source><source id="jnt_left_uplegroll-Interpolations"><Name_array id="jnt_left_uplegroll-Interpolations-array" count="15">
 LINEAR LINEAR LINEAR LINEAR LINEAR LINEAR LINEAR LINEAR LINEAR LINEAR LINEAR
LINEAR LINEAR LINEAR LINEAR</Name_array><technique_common><accessor source="#jnt_left_uplegroll-Interpolations-array" count="15"><param type="name"/></accessor></technique_common></source><sampler id="jnt_left_uplegroll-Matrix-animation-transform"><input semantic="INPUT" source="#jnt_left_uplegroll-Matrix-animation-input"/><input semantic="OUTPUT" source="#jnt_left_uplegroll-Matrix-animation-output-transform"/><input semantic="INTERPOLATION" source="#jnt_left_uplegroll-Interpolations"/></sampler><channel source="#jnt_left_uplegroll-Matrix-animation-transform" target="jnt_left_uplegroll/matrix"/></animation></animation>
    <animation id="jnt_left_leg-anim" name="jnt_left_leg"><animation><source id="jnt_left_leg-Matrix-animation-input"><float_array id="jnt_left_leg-Matrix-animation-input-array" count="15">

0.000000 0.033333 0.066667 0.100000 0.133333 0.166667 0.200000 0.233333 0.266667 0.300000 0.333333 0.366667 0.400000 0.433333 0.466667</float_array><technique_common><accessor source="#jnt_left_leg-Matrix-animation-input-array" count="15"><param name="TIME" type="float"/></accessor></technique_common></source><source id="jnt_left_leg-Matrix-animation-output-transform"><float_array id="jnt_left_leg-Matrix-animation-output-transform-array" count="240">

