<?xml version="1.0" encoding="utf-8"?>
<COLLADA xmlns="http://www.collada.org/2005/11/COLLADASchema" version="1.4.1">
  <asset><contributor><author></author><authoring_tool>FBX COLLADA exporter</authoring_tool><comments></comments></contributor><created>2018-04-19T12:40:35Z</created><keywords></keywords><modified>2018-04-19T12:40:35Z</modified><revision></revision><subject></subject><title></title><unit meter="0.010000" name="centimeter"></unit><up_axis>Y_UP</up_axis></asset>
  <library_animations>
    <animation id="jnt_hips-anim" name="jnt_hips"><animation><source id="jnt_hips-Matrix-animation-input"><float_array id="jnt_hips-Matrix-animation-input-array" count="19">

0.000000 0.033333 0.066667 0.100000 0.133333 0.166667 0.200000 0.233333 0.266667 0.300000 0.333333 0.366667 0.400000 0.433333 0.466667 0.500000
0.533333 0.566667 0.600000</float_array><technique_common><accessor source="#jnt_hips-Matrix-animation-input-array" count="19"><param name="TIME" type="float"/></accessor></technique_common></source><source id="jnt_hips-Matrix-animation-output-transform"><float_array id="jnt_hips-Matrix-animation-output-transform-array" count="304">

0.998786 -0.005537 -0.048944 -0.035031 -0.005413 0.975303 -0.220805 1.852046 0.048958 0.220802 0.974089 -0.118979 0.000000 0.000000 0.000000 1.000000
0.999616 -0.013752 -0.024068 -0.034291 0.009080 0.982805 -0.184425 1.611286 0.026191 0.184136 0.982552 -0.110550 0.000000 0.000000 0.000000 1.000000
0.999811 -0.005756 -0.018590 -0.023131 0.002964 0.989158 -0.146823 1.607939 0.019233 0.146740 0.988988 -0.103123 0.000000 0.000000 0.000000 1.000000
0.999325 0.028664 -0.022956 -0.011041 -0.031679 0.989058 -0.144087 1.730965 0.018575 0.144717 0.989299 -0.106490 0.000000 0.000000 0.000000 1.000000
0.998056 0.062319 0.000180 -0.009497 -0.061427 0.984258 -0.165717 1.937728 -0.010504 0.165384 0.986173 -0.113374 0.000000 0.000000 0.000000 1.000000
0.994946 0.094133 0.034944 -0.003448 -0.085540 0.976872 -0.195968 2.159604 -0.052583 0.191988 0.979987 -0.119334 0.000000 0.000000 0.000000 1.000000
0.992102 0.111575 0.057313 0.007280 -0.096013 0.969521 -0.225411 2.217148 -0.080716 0.218128 0.972576 -0.121901 0.000000 0.000000 0.000000 1.000000
0.994226 0.069929 0.081395 0.019072 -0.048675 0.969876 -0.238687 2.183283 -0.095634 0.233347 0.967679 -0.129821 0.000000 0.000000 0.000000 1.000000
0.996285 -0.001309 0.086113 0.026893 0.021519 0.971954 -0.234186 2.074694 -0.083391 0.235169 0.968371 -0.141547 0.000000 0.000000 0.000000 1.000000
0.997958 0.000719 0.063874 0.036131 0.013476 0.975060 -0.221532 1.869263 -0.062440 0.221940 0.973059 -0.145351 0.000000 0.000000 0.000000 1.000000
0.998485 0.034316 0.043017 0.036602 -0.025781 0.982355 -0.185240 1.608082 -0.048614 0.183850 0.981751 -0.137107 0.000000 0.000000 0.000000 1.000000
0.997719 0.052148 0.042861 0.022732 -0.045210 0.987748 -0.149367 1.607393 -0.050125 0.147089 0.987852 -0.120245 0.000000 0.000000 0.000000 1.000000
0.999501 0.019926 0.024523 0.008110 -0.016029 0.988563 -0.149954 1.718298 -0.027230 0.149486 0.988389 -0.116825 0.000000 0.000000 0.000000 1.000000
0.999293 -0.034393 -0.015166 -0.001796 0.031029 0.982512 -0.183598 1.940354 0.021215 0.182997 0.982884 -0.120363 0.000000 0.000000 0.000000 1.000000
0.994669 -0.086833 -0.055619 -0.009496 0.072579 0.972668 -0.220568 2.172531 0.073252 0.215355 0.973785 -0.124317 0.000000 0.000000 0.000000 1.000000
0.991277 -0.105630 -0.078817 -0.019597 0.083798 0.966730 -0.241684 2.209412 0.101724 0.232971 0.967149 -0.127981 0.000000 0.000000 0.000000 1.000000
0.994039 -0.065664 -0.087034 -0.029468 0.042587 0.968721 -0.244471 2.170815 0.100364 0.239307 0.965743 -0.128731 0.000000 0.000000 0.000000 1.000000
0.997100 -0.010675 -0.075357 -0.031218 -0.007078 0.972817 -0.231468 2.025880 0.075779 0.231330 0.969920 -0.124862 0.000000 0.000000 0.000000 1.000000
0.998774 -0.005886 -0.049156 -0.035060 -0.005129 0.975260 -0.221000 1.853737 0.049241 0.220981 0.974034 -0.119039 0.000000 0.000000 0.000000 1.000000</float_array><technique_common><accessor source="#jnt_hips-Matrix-animation-output-transform-array" count="19" stride="16"><param type="float4x4"/></accessor></technique_common></source><source id="jnt_hips-Interpolations"><Name_array id="jnt_hips-Interpolations-array" count="19">
 LINEAR LINEAR LINEAR LINEAR LINEAR LINEAR LINEAR LINEAR LINEAR LINEAR LINEAR
LINEAR LINEAR LINEAR LINEAR LINEAR LINEAR LINEAR LINEAR</Name_array><technique_common><accessor source="#jnt_hips-Interpolations-array" count="19"><param type="name"/></accessor></technique_common></source><sampler id="jnt_hips-Matrix-animation-transform"><input semantic="INPUT" source="#jnt_hips-Matrix-animation-input"/><input semantic="OUTPUT" source="#jnt_hips-Matrix-animation-output-transform"/><input semantic="INTERPOLATION" source="#jnt_hips-Interpolations"/></sampler><channel source="#jnt_hips-Matrix-animation-transform" target="jnt_hips/matrix"/></animation></animation>
    <animation id="jnt_right_upleg-anim" name="jnt_right_upleg"><animation><source id="jnt_right_upleg-Matrix-animation-input"><float_array id="jnt_right_upleg-Matrix-animation-input-array" count="19">

0.000000 0.033333 0.066667 0.100000 0.133333 0.166667 0.200000 0.233333 0.266667 0.300000 0.333333 0.366667 0.400000 0.433333 0.466667 0.500000
0.533333 0.566667 0.600000</float_array><technique_common><accessor source="#jnt_right_upleg-Matrix-animation-input-array" count="19"><param name="TIME" type="float"/></accessor></technique_common></source><source id="jnt_right_upleg-Matrix-animation-output-transform"><float_array id="jnt_right_upleg-Matrix-animation-output-transform-array" count="304">

0.002136 -0.182851 -0.983138 -0.446779 -0.793259 -0.598927 0.109669 -0.111214 -0.608881 0.779649 -0.146327 0.043020 0.000000 0.000000 0.000000 1.000000
-0.051115 -0.262163 -0.963669 -0.446780 -0.838534 -0.512842 0.183995 -0.111214 -0.542446 0.817474 -0.193618 0.043020 0.000000 0.000000 0.000000 1.000000
-0.097691 -0.320176 -0.942308 -0.446780 -0.913193 -0.347572 0.212771 -0.111214 -0.395644 0.881295 -0.258428 0.043020 0.000000 0.000000 0.000000 1.000000
-0.011920 -0.367698 -0.929869 -0.446779 -0.999925 0.001849 0.012087 -0.111214 -0.002725 0.929943 -0.367693 0.043020 0.000000 0.000000 0.000000 1.000000
0.046578 -0.324932 -0.944590 -0.446780 -0.946250 0.288634 -0.145948 -0.111214 0.320064 0.900616 -0.294022 0.043020 0.000000 0.000000 0.000000 1.000000
0.111777 -0.244172 -0.963268 -0.446779 -0.874511 0.436196 -0.212046 -0.111214 0.471950 0.866090 -0.164774 0.043020 0.000000 0.000000 0.000000 1.000000
0.123316 -0.193150 -0.973389 -0.446780 -0.740061 0.635582 -0.219875 -0.111214 0.661138 0.747481 -0.064565 0.043020 0.000000 0.000000 0.000000 1.000000
0.049630 -0.138462 -0.989123 -0.446780 -0.623336 0.769501 -0.138994 -0.111214 0.780377 0.623455 -0.048118 0.043020 0.000000 0.000000 0.000000 1.000000
0.007657 -0.133833 -0.990974 -0.446779 -0.547567 0.828662 -0.116143 -0.111214 0.836727 0.543514 -0.066938 0.043020 0.000000 0.000000 0.000000 1.000000
0.031172 -0.161429 -0.986392 -0.446780 -0.590928 0.792949 -0.148446 -0.111214 0.806122 0.587514 -0.070675 0.043020 0.000000 0.000000 0.000000 1.000000
-0.023154 -0.271602 -0.962131 -0.446779 -0.458346 0.858169 -0.231224 -0.111214 0.888472 0.435635 -0.144357 0.043020 0.000000 0.000000 0.000000 1.000000
0.028789 -0.321142 -0.946593 -0.446780 -0.614242 0.741412 -0.270213 -0.111214 0.788592 0.589217 -0.175915 0.043020 0.000000 0.000000 0.000000 1.000000
0.056010 -0.284379 -0.957074 -0.446779 -0.834724 0.512610 -0.201163 -0.111214 0.547813 0.810160 -0.208667 0.043020 0.000000 0.000000 0.000000 1.000000
0.042841 -0.198280 -0.979209 -0.446780 -0.964525 0.247338 -0.092282 -0.111214 0.260494 0.948424 -0.180650 0.043020 0.000000 0.000000 0.000000 1.000000
-0.005836 -0.178386 -0.983943 -0.446779 -0.999778 0.020957 0.002130 -0.111214 0.020241 0.983737 -0.178468 0.043020 0.000000 0.000000 0.000000 1.000000
-0.081974 -0.228782 -0.970020 -0.446780 -0.996561 0.006990 0.082569 -0.111214 -0.012110 0.973452 -0.228569 0.043020 0.000000 0.000000 0.000000 1.000000
-0.037095 -0.235111 -0.971261 -0.446780 -0.968482 -0.231100 0.092931 -0.111214 -0.246307 0.944095 -0.219128 0.043020 0.000000 0.000000 0.000000 1.000000
0.026413 -0.164687 -0.985992 -0.446780 -0.863226 -0.501168 0.060584 -0.111214 -0.504125 0.849534 -0.155400 0.043020 0.000000 0.000000 0.000000 1.000000
0.002096 -0.182922 -0.983125 -0.446780 -0.793950 -0.598027 0.109577 -0.111214 -0.607979 0.780323 -0.146484 0.043020 0.000000 0.000000 0.000000 1.000000</float_array><technique_common><accessor source="#jnt_right_upleg-Matrix-animation-output-transform-array" count="19" stride="16"><param type="float4x4"/></accessor></technique_common></source><source id="jnt_right_upleg-Interpolations"><Name_array id="jnt_right_upleg-Interpolations-array" count="19">
 LINEAR LINEAR LINEAR LINEAR LINEAR LINEAR LINEAR LINEAR LINEAR LINEAR LINEAR
LINEAR LINEAR LINEAR LINEAR LINEAR LINEAR LINEAR LINEAR</Name_array><technique_common><accessor source="#jnt_right_upleg-Interpolations-array" count="19"><param type="name"/></accessor></technique_common></source><sampler id="jnt_right_upleg-Matrix-animation-transform"><input semantic="INPUT" source="#jnt_right_upleg-Matrix-animation-input"/><input semantic="OUTPUT" source="#jnt_right_upleg-Matrix-animation-output-transform"/><input semantic="INTERPOLATION" source="#jnt_right_upleg-Interpolations"/></sampler><channel source="#jnt_right_upleg-Matrix-animation-transform" target="jnt_right_upleg/matrix"/></animation></animation>
    <animation id="jnt_right_uplegroll-anim" name="jnt_right_uplegroll"><animation><source id="jnt_right_uplegroll-Matrix-animation-input"><float_array id="jnt_right_uplegroll-Matrix-animation-input-array" count="19">

0.000000 0.033333 0.066667 0.100000 0.133333 0.166667 0.200000 0.233333 0.266667 0.300000 0.333333 0.366667 0.400000 0.433333 0.466667 0.500000
0.533333 0.566667 0.600000</float_array><technique_common><accessor source="#jnt_right_uplegroll-Matrix-animation-input-array" count="19"><param name="TIME" type="float"/></accessor></technique_common></source><source id="jnt_right_uplegroll-Matrix-animation-output-transform"><float_array id="jnt_right_uplegroll-Matrix-animation-output-transform-array" count="304">

1.000000 0.000000 -0.000000 0.430000 -0.000000 1.000000 -0.000000 0.000000 0.000000 0.000000 1.000000 0.000000 0.000000 0.000000 0.000000 1.000000
1.000000 0.000000 -0.000000 0.430000 -0.000000 1.000000 -0.000000 -0.000000 0.000000 -0.000000 1.000000 0.000000 0.000000 0.000000 0.000000 1.000000
1.000000 0.000000 -0.000000 0.430000 -0.000000 1.000000 0.000000 -0.000000 0.000000 -0.000000 1.000000 0.000000 0.000000 0.000000 0.000000 1.000000
1.000000 0.000000 0.000000 0.430000 -0.000000 1.000000 0.000000 -0.000000 0.000000 0.000000 1.000000 0.000000 0.000000 0.000000 0.000000 1.000000
1.000000 -0.000000 0.000000 0.430000 -0.000000 1.000000 0.000000 -0.000000 0.000000 0.000000 1.000000 0.000000 0.000000 0.000000 0.000000 1.000000
1.000000 0.000000 -0.000000 0.430000 0.000000 1.000000 -0.000000 -0.000000 -0.000000 0.000000 1.000000 -0.000000 0.000000 0.000000 0.000000 1.000000
1.000000 0.000000 -0.000000 0.430000 -0.000000 1.000000 0.000000 0.000000 0.000000 0.000000 1.000000 0.000000 0.000000 0.000000 0.000000 1.000000
1.000000 0.000000 -0.000000 0.430000 0.000000 1.000000 0.000000 -0.000000 0.000000 -0.000000 1.000000 0.000000 0.000000 0.000000 0.000000 1.000000
1.000000 0.000000 -0.000000 0.430000 0.000000 1.000000 0.000000 0.000000 -0.000000 0.000000 1.000000 0.000000 0.000000 0.000000 0.000000 1.000000
1.000000 -0.000000 0.000000 0.430000 0.000000 1.000000 0.000000 0.000000 0.000000 0.000000 1.000000 0.000000 0.000000 0.000000 0.000000 1.000000
1.000000 -0.000000 -0.000000 0.430000 0.000000 1.000000 -0.000000 -0.000000 0.000000 -0.000000 1.000000 0.000000 0.000000 0.000000 0.000000 1.000000
1.000000 0.000000 -0.000000 0.430000 0.000000 1.000000 0.000000 -0.000000 0.000000 0.000000 1.000000 0.000000 0.000000 0.000000 0.000000 1.000000
1.000000 -0.000000 0.000000 0.430000 0.000000 1.000000 0.000000 0.000000 -0.000000 -0.000000 1.000000 0.000000 0.000000 0.000000 0.000000 1.000000
1.000000 -0.000000 0.000000 0.430000 -0.000000 1.000000 0.000000 0.000000 -0.000000 0.000000 1.000000 0.000000 0.000000 0.000000 0.000000 1.000000
1.000000 0.000000 0.000000 0.430001 0.000000 1.000000 0.000000 0.000000 0.000000 -0.000000 1.000000 0.000000 0.000000 0.000000 0.000000 1.000000
1.000000 0.000000 -0.000000 0.430000 0.000000 1.000000 0.000000 -0.000000 -0.000000 0.000000 1.000000 0.000000 0.000000 0.000000 0.000000 1.000000
1.000000 -0.000000 0.000000 0.430000 -0.000000 1.000000 0.000000 -0.000000 0.000000 0.000000 1.000000 0.000000 0.000000 0.000000 0.000000 1.000000
1.000000 -0.000000 -0.000000 0.430000 -0.000000 1.000000 -0.000000 -0.000000 -0.000000 0.000000 1.000000 0.000000 0.000000 0.000000 0.000000 1.000000
1.000000 -0.000000 0.000000 0.430000 0.000000 1.000000 0.000000 -0.000000 -0.000000 -0.000000 1.000000 -0.000000 0.000000 0.000000 0.000000 1.000000</float_array><technique_common><accessor source="#jnt_right_uplegroll-Matrix-animation-output-transform-array" count="19" stride="16"><param type="float4x4"/></accessor></technique_common></source><source id="jnt_right_uplegroll-Interpolations"><Name_array id="jnt_right_uplegroll-Interpolations-array" count="19">
 LINEAR LINEAR LINEAR LINEAR LINEAR LINEAR LINEAR LINEAR LINEAR LINEAR LINEAR
LINEAR LINEAR LINEAR LINEAR LINEAR LINEAR LINEAR LINEAR</Name_array><technique_common><accessor source="#jnt_right_uplegroll-Interpolations-array" count="19"><param type="name"/></accessor></technique_common></source><sampler id="jnt_right_uplegroll-Matrix-animation-transform"><input semantic="INPUT" source="#jnt_right_uplegroll-Matrix-animation-input"/><input semantic="OUTPUT" source="#jnt_right_uplegroll-Matrix-animation-output-transform"/><input semantic="INTERPOLATION" source="#jnt_right_uplegroll-Interpolations"/></sampler><channel source="#jnt_right_uplegroll-Matrix-animation-transform" target="jnt_right_uplegroll/matrix"/></animation></animation>
    <animation id="jnt_right_leg-anim" name="jnt_right_leg"><animation><source id="jnt_right_leg-Matrix-animation-input"><float_array id="jnt_right_leg-Matrix-animation-input-array" count="19">

0.000000 0.033333 0.066667 0.100000 0.133333 0.166667 0.200000 0.233333 0.266667 0.300000 0.333333 0.366667 0.400000 0.433333 0.466667 0.500000
0.533333 0.566667 0.600000</float_array><technique_common><accessor source="#jnt_right_leg-Matrix-animation-input-array" count="19"><param name="TIME" type="float"/></accessor></technique_common></source><source id="jnt_right_leg-Matrix-animation-output-transform"><float_array id="jnt_right_leg-Matrix-animation-output-transform-array" count="304">

0.696743 0.717188 -0.013785 0.860324 -0.717275 0.696786 -0.002161 -0.000000 0.008055 0.011393 0.999903 -0.000000 0.000000 0.000000 0.000000 1.000000
0.253913 0.967220 -0.003804 0.860324 -0.966284 0.253837 0.043145 0.000000 0.042696 -0.007279 0.999062 0.000000 0.000000 0.000000 0.000000 1.000000
-0.032585 0.999452 0.005855 0.860324 -0.995036 -0.032991 0.093889 -0.000000 0.094031 -0.002767 0.995565 0.000000 0.000000 0.000000 0.000000 1.000000
-0.128705 0.990531 -0.047783 0.860324 -0.964543 -0.113842 0.238113 -0.000000 0.230419 0.076735 0.970061 0.000000 0.000000 0.000000 0.000000 1.000000
0.054243 0.998287 0.021929 0.860325 -0.983514 0.049620 0.173890 -0.000000 0.172504 -0.031000 0.984521 -0.000000 0.000000 0.000000 0.000000 1.000000
0.435195 0.899625 0.035778 0.860324 -0.897740 0.430582 0.093072 0.000000 0.068325 -0.072623 0.995016 -0.000000 0.000000 0.000000 0.000000 1.000000
0.563522 0.825995 0.013223 0.860324 -0.826100 0.563421 0.010731 0.000000 0.001414 -0.016970 0.999855 0.000000 0.000000 0.000000 0.000000 1.000000
0.761296 0.648220 0.015454 0.860324 -0.646794 0.760868 -0.052319 -0.000000 -0.045673 0.029835 0.998511 -0.000000 0.000000 0.000000 0.000000 1.000000
0.895612 0.443473 -0.034789 0.860324 -0.444661 0.894712 -0.042034 0.000000 0.012485 0.053116 0.998510 0.000000 0.000000 0.000000 0.000000 1.000000
0.916606 0.398752 -0.028809 0.860325 -0.399554 0.916162 -0.031690 0.000000 0.013757 0.040558 0.999082 0.000000 0.000000 0.000000 0.000000 1.000000
0.444130 0.895944 0.005805 0.860324 -0.895506 0.444101 -0.029043 0.000000 -0.028599 0.007700 0.999561 0.000000 0.000000 0.000000 0.000000 1.000000
0.300284 0.953500 0.025835 0.860324 -0.953585 0.299452 0.031671 0.000000 0.022462 -0.034146 0.999164 0.000000 0.000000 0.000000 0.000000 1.000000
0.503690 0.860417 0.077320 0.860324 -0.863815 0.500490 0.057741 0.000000 0.010984 -0.095874 0.995333 0.000000 0.000000 0.000000 0.000000 1.000000
0.778124 0.627030 0.036843 0.860324 -0.627941 0.777938 0.022419 0.000000 -0.014605 -0.040580 0.999070 0.000000 0.000000 0.000000 0.000000 1.000000
0.912426 0.409109 -0.010467 0.860324 -0.409053 0.910926 -0.053760 0.000000 -0.012459 0.053333 0.998499 0.000000 0.000000 0.000000 0.000000 1.000000
0.740072 0.669542 -0.063308 0.860324 -0.672523 0.737154 -0.065709 -0.000000 0.002673 0.091205 0.995829 -0.000000 0.000000 0.000000 0.000000 1.000000
0.777128 0.626044 -0.064360 0.860324 -0.629164 0.775274 -0.055702 -0.000000 0.015025 0.083780 0.996371 -0.000000 0.000000 0.000000 0.000000 1.000000
0.832894 0.551736 -0.043298 0.860324 -0.553357 0.831516 -0.048754 -0.000000 0.009103 0.064566 0.997872 0.000000 0.000000 0.000000 0.000000 1.000000
0.697806 0.716147 -0.014166 0.860324 -0.716241 0.697849 -0.002415 -0.000000 0.008157 0.011832 0.999897 -0.000000 0.000000 0.000000 0.000000 1.000000</float_array><technique_common><accessor source="#jnt_right_leg-Matrix-animation-output-transform-array" count="19" stride="16"><param type="float4x4"/></accessor></technique_common></source><source id="jnt_right_leg-Interpolations"><Name_array id="jnt_right_leg-Interpolations-array" count="19">
 LINEAR LINEAR LINEAR LINEAR LINEAR LINEAR LINEAR LINEAR LINEAR LINEAR LINEAR
LINEAR LINEAR LINEAR LINEAR LINEAR LINEAR LINEAR LINEAR</Name_array><technique_common><accessor source="#jnt_right_leg-Interpolations-array" count="19"><param type="name"/></accessor></technique_common></source><sampler id="jnt_right_leg-Matrix-animation-transform"><input semantic="INPUT" source="#jnt_right_leg-Matrix-animation-input"/><input semantic="OUTPUT" source="#jnt_right_leg-Matrix-animation-output-transform"/><input semantic="INTERPOLATION" source="#jnt_right_leg-Interpolations"/></sampler><channel source="#jnt_right_leg-Matrix-animation-transform" target="jnt_right_leg/matrix"/></animation></animation>
    <animation id="jnt_right_legroll-anim" name="jnt_right_legroll"><animation><source id="jnt_right_legroll-Matrix-animation-input"><float_array id="jnt_right_legroll-Matrix-animation-input-array" count="19">

0.000000 0.033333 0.066667 0.100000 0.133333 0.166667 0.200000 0.233333 0.266667 0.300000 0.333333 0.366667 0.400000 0.433333 0.466667 0.500000
0.533333 0.566667 0.600000</float_array><technique_common><accessor source="#jnt_right_legroll-Matrix-animation-input-array" count="19"><param name="TIME" type="float"/></accessor></technique_common></source><source id="jnt_right_legroll-Matrix-animation-output-transform"><float_array id="jnt_right_legroll-Matrix-animation-output-transform-array" count="304">

1.000000 0.000000 0.000000 0.384000 0.000000 1.000000 -0.000000 -0.000000 0.000000 -0.000000 1.000000 0.000000 0.000000 0.000000 0.000000 1.000000
1.000000 -0.000000 -0.000000 0.384000 -0.000000 1.000000 -0.000000 -0.000000 -0.000000 0.000000 1.000000 0.000000 0.000000 0.000000 0.000000 1.000000
1.000000 0.000000 -0.000000 0.384000 0.000000 1.000000 0.000000 0.000000 -0.000000 0.000000 1.000000 0.000000 0.000000 0.000000 0.000000 1.000000
1.000000 -0.000000 0.000000 0.384000 0.000000 1.000000 0.000000 0.000000 0.000000 -0.000000 1.000000 0.000000 0.000000 0.000000 0.000000 1.000000
1.000000 0.000000 -0.000000 0.384000 0.000000 1.000000 0.000000 -0.000000 -0.000000 -0.000000 1.000000 0.000000 0.000000 0.000000 0.000000 1.000000
1.000000 0.000000 -0.000000 0.384000 0.000000 1.000000 -0.000000 0.000000 0.000000 0.000000 1.000000 0.000000 0.000000 0.000000 0.000000 1.000000
1.000000 0.000000 0.000000 0.384000 0.000000 1.000000 0.000000 -0.000000 0.000000 0.000000 1.000000 0.000000 0.000000 0.000000 0.000000 1.000000
1.000000 -0.000000 -0.000000 0.384000 -0.000000 1.000000 0.000000 -0.000000 0.000000 0.000000 1.000000 0.000000 0.000000 0.000000 0.000000 1.000000
1.000000 -0.000000 -0.000000 0.384000 0.000000 1.000000 0.000000 -0.000000 0.000000 -0.000000 1.000000 0.000000 0.000000 0.000000 0.000000 1.000000
1.000000 -0.000000 0.000000 0.384000 0.000000 1.000000 0.000000 -0.000000 0.000000 0.000000 1.000000 0.000000 0.000000 0.000000 0.000000 1.000000
1.000000 -0.000000 0.000000 0.384000 0.000000 1.000000 0.000000 -0.000000 0.000000 -0.000000 1.000000 0.000000 0.000000 0.000000 0.000000 1.000000
1.000000 0.000000 0.000000 0.384000 -0.000000 1.000000 0.000000 -0.000000 0.000000 0.000000 1.000000 0.000000 0.000000 0.000000 0.000000 1.000000
1.000000 0.000000 0.000000 0.384000 0.000000 1.000000 0.000000 -0.000000 -0.000000 0.000000 1.000000 -0.000000 0.000000 0.000000 0.000000 1.000000
1.000000 0.000000 -0.000000 0.384000 -0.000000 1.000000 -0.000000 -0.000000 -0.000000 -0.000000 1.000000 0.000000 0.000000 0.000000 0.000000 1.000000
1.000000 -0.000000 0.000000 0.384000 -0.000000 1.000000 0.000000 -0.000000 0.000000 -0.000000 1.000000 0.000000 0.000000 0.000000 0.000000 1.000000
1.000000 0.000000 0.000000 0.384000 -0.000000 1.000000 0.000000 0.000000 0.000000 0.000000 1.000000 0.000000 0.000000 0.000000 0.000000 1.000000
1.000000 0.000000 -0.000000 0.384000 0.000000 1.000000 -0.000000 -0.000000 -0.000000 0.000000 1.000000 0.000000 0.000000 0.000000 0.000000 1.000000
1.000000 -0.000000 0.000000 0.384000 0.000000 1.000000 -0.000000 0.000000 0.000000 0.000000 1.000000 -0.000000 0.000000 0.000000 0.000000 1.000000
1.000000 0.000000 0.000000 0.384000 -0.000000 1.000000 0.000000 -0.000000 0.000000 0.000000 1.000000 0.000000 0.000000 0.000000 0.000000 1.000000</float_array><technique_common><accessor source="#jnt_right_legroll-Matrix-animation-output-transform-array" count="19" stride="16"><param type="float4x4"/></accessor></technique_common></source><source id="jnt_right_legroll-Interpolations"><Name_array id="jnt_right_legroll-Interpolations-array" count="19">
 LINEAR LINEAR LINEAR LINEAR LINEAR LINEAR LINEAR LINEAR LINEAR LINEAR LINEAR
LINEAR LINEAR LINEAR LINEAR LINEAR LINEAR LINEAR LINEAR</Name_array><technique_common><accessor source="#jnt_right_legroll-Interpolations-array" count="19"><param type="name"/></accessor></technique_common></source><sampler id="jnt_right_legroll-Matrix-animation-transform"><input semantic="INPUT" source="#jnt_right_legroll-Matrix-animation-input"/><input semantic="OUTPUT" source="#jnt_right_legroll-Matrix-animation-output-transform"/><input semantic="INTERPOLATION" source="#jnt_right_legroll-Interpolations"/></sampler><channel source="#jnt_right_legroll-Matrix-animation-transform" target="jnt_right_legroll/matrix"/></animation></animation>
    <animation id="jnt_right_foot-anim" name="jnt_right_foot"><animation><source id="jnt_right_foot-Matrix-animation-input"><float_array id="jnt_right_foot-Matrix-animation-input-array" count="19">

0.000000 0.033333 0.066667 0.100000 0.133333 0.166667 0.200000 0.233333 0.266667 0.300000 0.333333 0.366667 0.400000 0.433333 0.466667 0.500000
0.533333 0.566667 0.600000</float_array><technique_common><accessor source="#jnt_right_foot-Matrix-animation-input-array" count="19"><param name="TIME" type="float"/></accessor></technique_common></source><source id="jnt_right_foot-Matrix-animation-output-transform"><float_array id="jnt_right_foot-Matrix-animation-output-transform-array" count="304">

0.361062 -0.932530 -0.004627 0.768145 0.918999 0.356657 -0.168038 -0.000000 0.158351 0.056420 0.985770 0.000000 0.000000 0.000000 0.000000 1.000000
0.321025 -0.947049 0.006452 0.768144 0.923155 0.311390 -0.225433 0.000000 0.211488 0.078326 0.974237 0.000000 0.000000 0.000000 0.000000 1.000000
0.456664 -0.887881 -0.055911 0.768145 0.844187 0.452307 -0.287693 0.000000 0.280726 0.084179 0.956089 0.000000 0.000000 0.000000 0.000000 1.000000
0.586367 -0.802790 -0.108180 0.768144 0.741620 0.585746 -0.326958 0.000000 0.325845 0.111489 0.938827 0.000000 0.000000 0.000000 0.000000 1.000000
0.550218 -0.811556 -0.196562 0.768145 0.750573 0.583831 -0.309487 -0.000000 0.365924 0.022751 0.930366 -0.000000 0.000000 0.000000 0.000000 1.000000
0.426934 -0.874596 -0.229802 0.768145 0.838302 0.478080 -0.262087 0.000000 0.339084 -0.080749 0.937284 -0.000000 0.000000 0.000000 0.000000 1.000000
0.210638 -0.959802 -0.185502 0.768145 0.941487 0.250255 -0.225776 -0.000000 0.263123 -0.127091 0.956355 0.000000 0.000000 0.000000 0.000000 1.000000
0.133824 -0.984914 -0.109703 0.768145 0.971358 0.152299 -0.182399 -0.000000 0.196355 -0.082152 0.977085 0.000000 0.000000 0.000000 0.000000 1.000000
0.127214 -0.990956 -0.042704 0.768144 0.984371 0.131420 -0.117227 0.000000 0.121779 -0.027124 0.992187 0.000000 0.000000 0.000000 0.000000 1.000000
0.259114 -0.962702 -0.077875 0.768145 0.960190 0.265471 -0.086948 0.000000 0.104378 -0.052245 0.993164 -0.000000 0.000000 0.000000 0.000000 1.000000
0.174894 -0.959959 -0.218840 0.768145 0.982312 0.185225 -0.027456 -0.000000 0.066892 -0.210167 0.975374 0.000000 0.000000 0.000000 0.000000 1.000000
-0.014628 -0.976406 -0.215445 0.768145 0.993583 0.009974 -0.112664 -0.000000 0.112154 -0.215710 0.969995 -0.000000 0.000000 0.000000 0.000000 1.000000
-0.125800 -0.984704 -0.120553 0.768144 0.988495 -0.114133 -0.099257 -0.000000 0.083979 -0.131653 0.987732 -0.000000 0.000000 0.000000 0.000000 1.000000
0.107454 -0.993895 -0.025015 0.768145 0.993988 0.107929 -0.018438 -0.000000 0.021025 -0.022883 0.999517 0.000000 0.000000 0.000000 0.000000 1.000000
0.549792 -0.834416 0.038442 0.768145 0.831681 0.551110 0.067709 0.000000 -0.077684 -0.005255 0.996964 0.000000 0.000000 0.000000 0.000000 1.000000
0.659188 -0.737654 0.146075 0.768145 0.732802 0.673730 0.095333 0.000000 -0.168738 0.044201 0.984669 -0.000000 0.000000 0.000000 0.000000 1.000000
0.635835 -0.733830 0.239181 0.768145 0.766477 0.636761 -0.083949 -0.000000 -0.090697 0.236705 0.967339 -0.000000 0.000000 0.000000 0.000000 1.000000
0.518629 -0.843750 0.138239 0.768145 0.843071 0.477752 -0.246949 -0.000000 0.142319 0.244620 0.959117 -0.000000 0.000000 0.000000 0.000000 1.000000
0.362330 -0.932043 -0.003635 0.768145 0.918504 0.357724 -0.168473 0.000000 0.158325 0.057704 0.985700 0.000000 0.000000 0.000000 0.000000 1.000000</float_array><technique_common><accessor source="#jnt_right_foot-Matrix-animation-output-transform-array" count="19" stride="16"><param type="float4x4"/></accessor></technique_common></source><source id="jnt_right_foot-Interpolations"><Name_array id="jnt_right_foot-Interpolations-array" count="19">
 LINEAR LINEAR LINEAR LINEAR LINEAR LINEAR LINEAR LINEAR LINEAR LINEAR LINEAR
LINEAR LINEAR LINEAR LINEAR LINEAR LINEAR LINEAR LINEAR</Name_array><technique_common><accessor source="#jnt_right_foot-Interpolations-array" count="19"><param type="name"/></accessor></technique_common></source><sampler id="jnt_right_foot-Matrix-animation-transform"><input semantic="INPUT" source="#jnt_right_foot-Matrix-animation-input"/><input semantic="OUTPUT" source="#jnt_right_foot-Matrix-animation-output-transform"/><input semantic="INTERPOLATION" source="#jnt_right_foot-Interpolations"/></sampler><channel source="#jnt_right_foot-Matrix-animation-transform" target="jnt_right_foot/matrix"/></animation></animation>
    <animation id="jnt_right_toebase-anim" name="jnt_right_toebase"><animation><source id="jnt_right_toebase-Matrix-animation-input"><float_array id="jnt_right_toebase-Matrix-animation-input-array" count="19">

0.000000 0.033333 0.066667 0.100000 0.133333 0.166667 0.200000 0.233333 0.266667 0.300000 0.333333 0.366667 0.400000 0.433333 0.466667 0.500000
0.533333 0.566667 0.600000</float_array><technique_common><accessor source="#jnt_right_toebase-Matrix-animation-input-array" count="19"><param name="TIME" type="float"/></accessor></technique_common></source><source id="jnt_right_toebase-Matrix-animation-output-transform"><float_array id="jnt_right_toebase-Matrix-animation-output-transform-array" count="304">

0.904769 -0.425878 -0.004574 0.441847 0.425836 0.904765 -0.008015 0.000000 0.007552 0.005304 0.999957 -0.000000 0.000000 0.000000 0.000000 1.000000
0.958111 -0.279745 -0.061367 0.441847 0.281142 0.959544 0.015279 0.000000 0.054610 -0.031892 0.997998 -0.000000 0.000000 0.000000 0.000000 1.000000
0.972961 -0.214260 -0.086257 0.441847 0.217510 0.975593 0.030120 -0.000000 0.077698 -0.048067 0.995818 0.000000 0.000000 0.000000 0.000000 1.000000
0.894556 -0.446892 -0.007582 0.441847 0.446774 0.894546 -0.013400 -0.000000 0.012771 0.008600 0.999881 0.000000 0.000000 0.000000 0.000000 1.000000
0.889678 -0.456501 -0.008904 0.441847 0.456335 0.889665 -0.015943 0.000000 0.015199 0.010121 0.999833 0.000000 0.000000 0.000000 0.000000 1.000000
0.887134 -0.461413 -0.009566 0.441847 0.461219 0.887118 -0.017263 -0.000000 0.016452 0.010903 0.999805 0.000000 0.000000 0.000000 0.000000 1.000000
0.884584 -0.466269 -0.010213 0.441847 0.466045 0.884566 -0.018580 0.000000 0.017697 0.011676 0.999775 0.000000 0.000000 0.000000 0.000000 1.000000
0.879055 -0.476580 -0.011558 0.441847 0.476285 0.879030 -0.021414 0.000000 0.020365 0.013319 0.999704 -0.000000 0.000000 0.000000 0.000000 1.000000
0.863936 -0.503377 -0.015010 0.441847 0.502851 0.863893 -0.028813 -0.000000 0.027471 0.017345 0.999472 -0.000000 0.000000 0.000000 0.000000 1.000000
0.646026 -0.763287 0.006615 0.441847 0.762057 0.644438 -0.063003 0.000000 0.043826 0.045742 0.997991 -0.000000 0.000000 0.000000 0.000000 1.000000
0.676804 -0.736013 0.014884 0.441847 0.735676 0.675483 -0.050028 -0.000000 0.026767 0.044809 0.998637 0.000000 0.000000 0.000000 0.000000 1.000000
0.868096 -0.496197 -0.014091 0.441847 0.495739 0.868057 -0.026827 -0.000000 0.025543 0.016303 0.999541 -0.000000 0.000000 0.000000 0.000000 1.000000
0.843319 -0.537080 -0.018943 0.441847 0.536152 0.843229 -0.038805 -0.000000 0.036815 0.022568 0.999067 0.000000 0.000000 0.000000 0.000000 1.000000
0.773849 -0.632701 -0.029105 0.441846 0.629971 0.773637 -0.067982 0.000000 0.065529 0.034273 0.997262 0.000000 0.000000 0.000000 0.000000 1.000000
0.599776 -0.799271 -0.037883 0.441847 0.789992 0.599011 -0.130763 -0.000000 0.127208 0.048501 0.990690 0.000000 0.000000 0.000000 0.000000 1.000000
0.707371 -0.705953 -0.035450 0.441847 0.701167 0.707151 -0.091117 -0.000000 0.089393 0.039597 0.995209 -0.000000 0.000000 0.000000 0.000000 1.000000
0.889566 -0.456715 -0.009168 0.441847 0.456553 0.889561 -0.015496 -0.000000 0.015233 0.009599 0.999838 0.000000 0.000000 0.000000 0.000000 1.000000
0.906247 -0.422728 -0.004106 0.441847 0.422693 0.906244 -0.007256 -0.000000 0.006788 0.004841 0.999965 0.000000 0.000000 0.000000 0.000000 1.000000
0.904775 -0.425865 -0.004573 0.441847 0.425823 0.904771 -0.008009 0.000000 0.007549 0.005299 0.999957 0.000000 0.000000 0.000000 0.000000 1.000000</float_array><technique_common><accessor source="#jnt_right_toebase-Matrix-animation-output-transform-array" count="19" stride="16"><param type="float4x4"/></accessor></technique_common></source><source id="jnt_right_toebase-Interpolations"><Name_array id="jnt_right_toebase-Interpolations-array" count="19">
 LINEAR LINEAR LINEAR LINEAR LINEAR LINEAR LINEAR LINEAR LINEAR LINEAR LINEAR
LINEAR LINEAR LINEAR LINEAR LINEAR LINEAR LINEAR LINEAR</Name_array><technique_common><accessor source="#jnt_right_toebase-Interpolations-array" count="19"><param type="name"/></accessor></technique_common></source><sampler id="jnt_right_toebase-Matrix-animation-transform"><input semantic="INPUT" source="#jnt_right_toebase-Matrix-animation-input"/><input semantic="OUTPUT" source="#jnt_right_toebase-Matrix-animation-output-transform"/><input semantic="INTERPOLATION" source="#jnt_right_toebase-Interpolations"/></sampler><channel source="#jnt_right_toebase-Matrix-animation-transform" target="jnt_right_toebase/matrix"/></animation></animation>
    <animation id="jnt_right_toeend-anim" name="jnt_right_toeend"><animation><source id="jnt_right_toeend-Matrix-animation-input"><float_array id="jnt_right_toeend-Matrix-animation-input-array" count="19">

0.000000 0.033333 0.066667 0.100000 0.133333 0.166667 0.200000 0.233333 0.266667 0.300000 0.333333 0.366667 0.400000 0.433333 0.466667 0.500000
0.533333 0.566667 0.600000</float_array><technique_common><accessor source="#jnt_right_toeend-Matrix-animation-input-array" count="19"><param name="TIME" type="float"/></accessor></technique_common></source><source id="jnt_right_toeend-Matrix-animation-output-transform"><float_array id="jnt_right_toeend-Matrix-animation-output-transform-array" count="304">

1.000000 0.000000 -0.000000 0.379397 0.000000 1.000000 -0.000000 0.000000 -0.000000 0.000000 1.000000 0.000000 0.000000 0.000000 0.000000 1.000000
1.000000 0.000000 -0.000000 0.379397 0.000000 1.000000 -0.000000 0.000000 0.000000 0.000000 1.000000 -0.000000 0.000000 0.000000 0.000000 1.000000
1.000000 0.000000 -0.000000 0.379397 0.000000 1.000000 -0.000000 0.000000 -0.000000 -0.000000 1.000000 0.000000 0.000000 0.000000 0.000000 1.000000
1.000000 -0.000000 -0.000000 0.379397 0.000000 1.000000 -0.000000 0.000000 0.000000 0.000000 1.000000 -0.000000 0.000000 0.000000 0.000000 1.000000
1.000000 0.000000 -0.000000 0.379397 0.000000 1.000000 0.000000 0.000000 -0.000000 -0.000000 1.000000 -0.000000 0.000000 0.000000 0.000000 1.000000
1.000000 -0.000000 -0.000000 0.379397 -0.000000 1.000000 0.000000 0.000000 0.000000 -0.000000 1.000000 -0.000000 0.000000 0.000000 0.000000 1.000000
1.000000 0.000000 0.000000 0.379397 -0.000000 1.000000 0.000000 0.000000 0.000000 0.000000 1.000000 -0.000000 0.000000 0.000000 0.000000 1.000000
1.000000 0.000000 0.000000 0.379397 0.000000 1.000000 0.000000 0.000000 0.000000 -0.000000 1.000000 -0.000000 0.000000 0.000000 0.000000 1.000000
1.000000 0.000000 -0.000000 0.379397 -0.000000 1.000000 0.000000 0.000000 0.000000 0.000000 1.000000 -0.000000 0.000000 0.000000 0.000000 1.000000
1.000000 0.000000 0.000000 0.379397 -0.000000 1.000000 0.000000 0.000000 -0.000000 0.000000 1.000000 -0.000000 0.000000 0.000000 0.000000 1.000000
1.000000 0.000000 -0.000000 0.379397 0.000000 1.000000 -0.000000 0.000000 0.000000 -0.000000 1.000000 -0.000000 0.000000 0.000000 0.000000 1.000000
1.000000 0.000000 0.000000 0.379397 -0.000000 1.000000 -0.000000 0.000000 0.000000 0.000000 1.000000 -0.000000 0.000000 0.000000 0.000000 1.000000
1.000000 0.000000 -0.000000 0.379397 0.000000 1.000000 0.000000 0.000000 0.000000 0.000000 1.000000 -0.000000 0.000000 0.000000 0.000000 1.000000
1.000000 0.000000 -0.000000 0.379397 0.000000 1.000000 0.000000 0.000000 0.000000 0.000000 1.000000 -0.000000 0.000000 0.000000 0.000000 1.000000
1.000000 -0.000000 0.000000 0.379397 0.000000 1.000000 0.000000 0.000000 0.000000 -0.000000 1.000000 -0.000000 0.000000 0.000000 0.000000 1.000000
1.000000 0.000000 -0.000000 0.379397 0.000000 1.000000 0.000000 0.000000 0.000000 0.000000 1.000000 0.000000 0.000000 0.000000 0.000000 1.000000
1.000000 0.000000 0.000000 0.379397 -0.000000 1.000000 0.000000 0.000000 -0.000000 -0.000000 1.000000 0.000000 0.000000 0.000000 0.000000 1.000000
1.000000 -0.000000 -0.000000 0.379397 0.000000 1.000000 0.000000 0.000000 -0.000000 -0.000000 1.000000 0.000000 0.000000 0.000000 0.000000 1.000000
1.000000 0.000000 0.000000 0.379397 0.000000 1.000000 0.000000 0.000000 0.000000 -0.000000 1.000000 -0.000000 0.000000 0.000000 0.000000 1.000000</float_array><technique_common><accessor source="#jnt_right_toeend-Matrix-animation-output-transform-array" count="19" stride="16"><param type="float4x4"/></accessor></technique_common></source><source id="jnt_right_toeend-Interpolations"><Name_array id="jnt_right_toeend-Interpolations-array" count="19">
 LINEAR LINEAR LINEAR LINEAR LINEAR LINEAR LINEAR LINEAR LINEAR LINEAR LINEAR
LINEAR LINEAR LINEAR LINEAR LINEAR LINEAR LINEAR LINEAR</Name_array><technique_common><accessor source="#jnt_right_toeend-Interpolations-array" count="19"><param type="name"/></accessor></technique_common></source><sampler id="jnt_right_toeend-Matrix-animation-transform"><input semantic="INPUT" source="#jnt_right_toeend-Matrix-animation-input"/><input semantic="OUTPUT" source="#jnt_right_toeend-Matrix-animation-output-transform"/><input semantic="INTERPOLATION" source="#jnt_right_toeend-Interpolations"/></sampler><channel source="#jnt_right_toeend-Matrix-animation-transform" target="jnt_right_toeend/matrix"/></animation></animation>
    <animation id="jnt_left_upleg-anim" name="jnt_left_upleg"><animation><source id="jnt_left_upleg-Matrix-animation-input"><float_array id="jnt_left_upleg-Matrix-animation-input-array" count="19">

0.000000 0.033333 0.066667 0.100000 0.133333 0.166667 0.200000 0.233333 0.266667 0.300000 0.333333 0.366667 0.400000 0.433333 0.466667 0.500000
0.533333 0.566667 0.600000</float_array><technique_common><accessor source="#jnt_left_upleg-Matrix-animation-input-array" count="19"><param name="TIME" type="float"/></accessor></technique_common></source><source id="jnt_left_upleg-Matrix-animation-output-transform"><float_array id="jnt_left_upleg-Matrix-animation-output-transform-array" count="304">

-0.060298 0.131385 -0.989496 0.446779 -0.609228 0.780405 0.140747 -0.111213 0.790699 0.611315 0.032987 0.043020 0.000000 0.000000 0.000000 1.000000
-0.040421 0.278166 -0.959682 0.446779 -0.427748 0.863188 0.268214 -0.111213 0.902994 0.421344 0.084094 0.043020 0.000000 0.000000 0.000000 1.000000
-0.060614 0.298892 -0.952360 0.446780 -0.592931 0.756753 0.275240 -0.111213 0.802969 0.581367 0.131353 0.043020 0.000000 0.000000 0.000000 1.000000
-0.055345 0.250270 -0.966593 0.446779 -0.817567 0.544363 0.187758 -0.111213 0.573167 0.800646 0.174485 0.043020 0.000000 0.000000 0.000000 1.000000
-0.033319 0.172522 -0.984442 0.446779 -0.967933 0.239817 0.074788 -0.111213 0.248988 0.955366 0.159000 0.043020 0.000000 0.000000 0.000000 1.000000
0.006878 0.139536 -0.990193 0.446779 -0.997238 -0.072271 -0.017111 -0.111213 -0.073950 0.987576 0.138654 0.043020 0.000000 0.000000 0.000000 1.000000
0.072559 0.152346 -0.985660 0.446779 -0.990673 -0.103274 -0.088890 -0.111213 -0.115335 0.982917 0.143432 0.043020 0.000000 0.000000 0.000000 1.000000
0.066236 0.159658 -0.984948 0.446780 -0.992164 -0.094269 -0.082002 -0.111213 -0.105942 0.982661 0.152163 0.043020 0.000000 0.000000 0.000000 1.000000
0.026619 0.180108 -0.983287 0.446779 -0.996488 -0.073343 -0.040411 -0.111213 -0.079395 0.980909 0.177523 0.043020 0.000000 0.000000 0.000000 1.000000
0.051138 0.261567 -0.963830 0.446779 -0.997227 -0.038873 -0.063459 -0.111213 -0.054066 0.964402 0.258853 0.043020 0.000000 0.000000 0.000000 1.000000
0.118739 0.415647 -0.901742 0.446779 -0.990589 -0.012673 -0.136279 -0.111213 -0.068072 0.909438 0.410230 0.043020 0.000000 0.000000 0.000000 1.000000
0.152175 0.491539 -0.857457 0.446779 -0.987910 0.101627 -0.117069 -0.111213 0.029597 0.864905 0.501062 0.043020 0.000000 0.000000 0.000000 1.000000
0.056748 0.527007 -0.847964 0.446779 -0.952126 0.284112 0.112857 -0.111213 0.300393 0.800964 0.517900 0.043020 0.000000 0.000000 0.000000 1.000000
-0.027089 0.492034 -0.870155 0.446779 -0.868798 0.418953 0.263947 -0.111213 0.494425 0.763139 0.416129 0.043020 0.000000 0.000000 0.000000 1.000000
-0.091696 0.428138 -0.899049 0.446779 -0.821001 0.478419 0.311564 -0.111213 0.563515 0.766690 0.307633 0.043020 0.000000 0.000000 0.000000 1.000000
-0.124781 0.329961 -0.935711 0.446779 -0.739450 0.597880 0.309440 -0.111213 0.661546 0.730524 0.169385 0.043020 0.000000 0.000000 0.000000 1.000000
-0.093473 0.170430 -0.980926 0.446780 -0.768254 0.614334 0.179944 -0.111213 0.633284 0.770420 0.073510 0.043020 0.000000 0.000000 0.000000 1.000000
